0 0.60625 0.59921875 0.065625 0.09375
0 0.5765625 0.825 0.05078125 0.040625
0 0.55078125 0.88203125 0.0515625 0.0640625
0 0.61328125 0.41328125 0.053125 0.05390625
0 0.33046875 0.58515625 0.05703125 0.078125
0 0.5578125 0.634375 0.05390625 0.0796875
0 0.665625 0.396875 0.0609375 0.0890625
0 0.26796875 0.82734375 0.06484375 0.07421875
0 0.3921875 0.7953125 0.09296875 0.0578125
0 0.31484375 0.42109375 0.04765625 0.0265625
0 0.22265625 0.3703125 0.1046875 0.115625
0 0.428125 0.4203125 0.13671875 0.0390625
0 0.5296875 0.4171875 0.115625 0.04375
0 0.5015625 0.41484375 0.034375 0.04765625
0 0.3953125 0.6125 0.08359375 0.08671875
0 0.44765625 0.6171875 0.05234375 0.08671875
0 0.5 0.59453125 0.03828125 0.08515625
0 0.4609375 0.8421875 0.0640625 0.09140625
0 0.47265625 0.78671875 0.04453125 0.06171875
0 0.31015625 0.784375 0.046875 0.04375
0 0.34140625 0.846875 0.07578125 0.06171875