0 0.546875 0.5890625 0.0453125 0.08203125
0 0.5484375 0.79609375 0.04140625 0.0390625
0 0.29140625 0.615625 0.06171875 0.08046875
0 0.284375 0.3859375 0.07890625 0.1203125
0 0.45625 0.43359375 0.13203125 0.0296875
0 0.60625 0.3984375 0.078125 0.09296875
0 0.55 0.42421875 0.0671875 0.05078125
0 0.44375 0.4265625 0.03984375 0.0421875
0 0.43125 0.61953125 0.08203125 0.0953125
0 0.47578125 0.60546875 0.0921875 0.09765625
0 0.38125 0.62734375 0.0578125 0.02734375
0 0.4015625 0.86640625 0.0703125 0.05703125
0 0.50078125 0.8140625 0.0734375 0.109375
0 0.6 0.834375 0.06171875 0.04375
0 0.31328125 0.8703125 0.05078125 0.07578125
0 0.2765625 0.82890625 0.0484375 0.04921875
0 0.38515625 0.81484375 0.09375 0.0671875
0 0.45234375 0.78984375 0.06640625 0.071875