0 0.48828125 0.67421875 0.0484375 0.0484375
0 0.21953125 0.44921875 0.05234375 0.08203125
0 0.50625 0.4546875 0.05859375 0.08671875
0 0.440625 0.68125 0.06328125 0.1125
0 0.19609375 0.690625 0.0546875 0.05
0 0.2421875 0.15859375 0.04453125 0.1625
0 0.43046875 0.24765625 0.13828125 0.03984375
0 0.4046875 0.246875 0.0390625 0.025
0 0.60390625 0.23125 0.078125 0.09375
0 0.51953125 0.25 0.07734375 0.03359375
0 0.375 0.46328125 0.08203125 0.08671875
0 0.43046875 0.45625 0.09296875 0.09296875
0 0.3078125 0.4828125 0.04765625 0.0265625
0 0.38046875 0.659375 0.0578125 0.07109375
0 0.32734375 0.7125 0.084375 0.065625
0 0.5390625 0.70234375 0.0578125 0.05
0 0.2375 0.71640625 0.05859375 0.07578125
0 0.303125 0.678125 0.08671875 0.06875
0 0.534375 0.45859375 0.071875 0.09296875