0 0.6875 0.6109375 0.04609375 0.08359375
0 0.68828125 0.8171875 0.040625 0.0375
0 0.43984375 0.6296875 0.040625 0.07265625
0 0.43203125 0.83984375 0.0484375 0.04765625
0 0.7515625 0.8609375 0.05546875 0.0515625
0 0.44765625 0.4171875 0.07421875 0.11015625
0 0.58984375 0.4546875 0.04765625 0.0390625
0 0.58828125 0.8078125 0.04375 0.07109375
0 0.5125 0.64765625 0.04140625 0.03359375
0 0.7515625 0.42265625 0.06953125 0.09453125
0 0.69140625 0.4484375 0.06640625 0.04453125
0 0.60625 0.46015625 0.12890625 0.02578125
0 0.73046875 0.64765625 0.03515625 0.05078125
0 0.5984375 0.615625 0.04453125 0.0796875
0 0.621875 0.6359375 0.09453125 0.08203125
0 0.56484375 0.64140625 0.05390625 0.0859375
0 0.4734375 0.88046875 0.04375 0.07109375
0 0.55234375 0.878125 0.075 0.059375
0 0.64609375 0.8359375 0.0671875 0.1140625
0 0.53515625 0.83359375 0.0875 0.0609375