0 0.58671875 0.628125 0.04453125 0.05859375
0 0.45234375 0.4515625 0.0453125 0.065625
0 0.4265625 0.634375 0.0578125 0.08359375
0 0.70234375 0.45546875 0.06328125 0.0703125
0 0.51484375 0.26015625 0.07265625 0.0546875
0 0.6046875 0.25 0.0484375 0.078125
0 0.4296875 0.234375 0.04296875 0.103125
0 0.75703125 0.253125 0.08359375 0.08125
0 0.71171875 0.28125 0.04296875 0.02421875
0 0.62109375 0.43828125 0.0578125 0.09453125
0 0.52265625 0.4640625 0.04765625 0.040625
0 0.52578125 0.63046875 0.0734375 0.0578125
0 0.50703125 0.65 0.06015625 0.05078125
0 0.71171875 0.65859375 0.053125 0.05234375
0 0.6765625 0.646875 0.04375 0.03203125
0 0.76484375 0.50390625 0.11640625 0.0640625
0 0.6515625 0.66953125 0.0875 0.0265625