0 0.63203125 0.4453125 0.0703125 0.09296875
0 0.5171875 0.64609375 0.04140625 0.07265625
0 0.30859375 0.6703125 0.0640625 0.0625
0 0.37578125 0.6828125 0.0671875 0.059375
0 0.615625 0.67109375 0.04921875 0.03671875
0 0.61328125 0.221875 0.0546875 0.0421875
0 0.56953125 0.2625 0.084375 0.1015625
0 0.41484375 0.45234375 0.08515625 0.0796875
0 0.21875 0.21328125 0.11796875 0.12265625
0 0.41953125 0.24609375 0.14765625 0.0328125
0 0.51640625 0.2296875 0.090625 0.03828125
0 0.6140625 0.18515625 0.08203125 0.1203125
0 0.559375 0.46015625 0.0640625 0.071875
0 0.52109375 0.44375 0.0375 0.08203125
0 0.4578125 0.4546875 0.04375 0.071875
0 0.36484375 0.4453125 0.0359375 0.0765625
0 0.36171875 0.64609375 0.03984375 0.03671875
0 0.58828125 0.7046875 0.0734375 0.046875
0 0.4828125 0.678125 0.04375 0.07890625
0 0.44765625 0.64609375 0.08359375 0.0609375