0 0.54921875 0.18046875 0.05078125 0.02890625
0 0.55390625 0.70546875 0.05234375 0.09375
0 0.29375 0.721875 0.05 0.07109375
0 0.46796875 0.4828125 0.05546875 0.1171875
0 0.3796875 0.46875 0.084375 0.12734375
0 0.66796875 0.75234375 0.0625 0.0546875
0 0.7046875 0.45625 0.10703125 0.12265625
0 0.70234375 0.15 0.08828125 0.0578125
0 0.14296875 0.14921875 0.18515625 0.1703125
0 0.39921875 0.1859375 0.14140625 0.04296875
0 0.53828125 0.16171875 0.16171875 0.059375
0 0.6703125 0.09375 0.12421875 0.18671875
0 0.59765625 0.49453125 0.0640625 0.10078125
0 0.56953125 0.45234375 0.04765625 0.11171875
0 0.3671875 0.74921875 0.08671875 0.075
0 0.49765625 0.76484375 0.07890625 0.1046875
0 0.6109375 0.82578125 0.0890625 0.075
0 0.37890625 0.67890625 0.0390625 0.05
0 0.45625 0.69765625 0.1015625 0.06875