0 0.6328125 0.390625 0.065625 0.08671875
0 0.33984375 0.6046875 0.06953125 0.09375
0 0.33671875 0.20546875 0.06171875 0.059375
0 0.634375 0.6078125 0.046875 0.034375
0 0.43671875 0.1734375 0.0703125 0.096875
0 0.3734375 0.4015625 0.04453125 0.075
0 0.60625 0.14765625 0.0859375 0.11640625
0 0.615625 0.1828125 0.0546875 0.04140625
0 0.50703125 0.20546875 0.04296875 0.0203125
0 0.23671875 0.18671875 0.1078125 0.11328125
0 0.534375 0.3984375 0.04375 0.0734375
0 0.40234375 0.41484375 0.03984375 0.06640625
0 0.45625 0.42890625 0.05234375 0.02265625
0 0.6484375 0.46875 0.12265625 0.09765625
0 0.540625 0.43828125 0.09296875 0.0421875
0 0.41640625 0.6234375 0.0578125 0.05
0 0.51328125 0.61171875 0.05703125 0.07265625
0 0.6046875 0.6375 0.0546875 0.04609375
0 0.53828125 0.584375 0.0390625 0.05859375
0 0.3890625 0.58984375 0.0296875 0.0359375
0 0.46640625 0.58984375 0.0734375 0.05