0 0.58515625 0.5421875 0.0390625 0.06953125
0 0.54296875 0.3515625 0.05703125 0.08359375
0 0.3515625 0.55546875 0.03984375 0.07265625
0 0.44609375 0.36015625 0.0796875 0.06484375
0 0.55625 0.5375 0.0390625 0.0921875
0 0.5875 0.73125 0.0390625 0.0359375
0 0.38203125 0.75 0.0984375 0.12890625
0 0.38203125 0.33203125 0.0296875 0.1125
0 0.659375 0.353125 0.05859375 0.08203125
0 0.5921875 0.3765625 0.05625 0.0359375
0 0.496875 0.37734375 0.0328125 0.02734375
0 0.50859375 0.54140625 0.0375 0.06875
0 0.4703125 0.57578125 0.0546875 0.03984375
0 0.69609375 0.59375 0.09453125 0.06328125
0 0.47109375 0.78046875 0.06875 0.04921875
0 0.60625 0.771875 0.0578125 0.03125
0 0.6625 0.75234375 0.03984375 0.05703125
0 0.50234375 0.7234375 0.05625 0.06171875
0 0.4375 0.74140625 0.065625 0.05625