0 0.50546875 0.72734375 0.03984375 0.06484375
0 0.6 0.553125 0.06328125 0.08984375
0 0.371875 0.553125 0.0546875 0.09140625
0 0.334375 0.37109375 0.0578125 0.0625
0 0.3078125 0.72734375 0.0578125 0.090625
0 0.44296875 0.71953125 0.06640625 0.06875
0 0.5984375 0.3515625 0.0578125 0.0734375
0 0.590625 0.75546875 0.040625 0.0375
0 0.42734375 0.35 0.06171875 0.0859375
0 0.49765625 0.3734375 0.0359375 0.03359375
0 0.2375 0.35859375 0.10078125 0.078125
0 0.45703125 0.54609375 0.05625 0.10234375
0 0.5140625 0.5390625 0.03984375 0.07734375
0 0.5890625 0.6328125 0.10625 0.10234375
0 0.37421875 0.7625 0.0609375 0.05546875
0 0.55078125 0.79140625 0.040625 0.06171875
0 0.528125 0.79765625 0.13359375 0.0390625
0 0.36875 0.71796875 0.0359375 0.03828125