0 0.51328125 0.2359375 0.05703125 0.0828125
0 0.4515625 0.6078125 0.04296875 0.05859375
0 0.35234375 0.20078125 0.06796875 0.1171875
0 0.43046875 0.2390625 0.09609375 0.065625
0 0.42578125 0.64609375 0.071875 0.05078125
0 0.34375 0.6359375 0.07890625 0.07890625
0 0.62578125 0.24609375 0.05859375 0.0765625
0 0.55625 0.2671875 0.0578125 0.02578125
0 0.32265625 0.43203125 0.040625 0.071875
0 0.4015625 0.46015625 0.03359375 0.0203125
0 0.44140625 0.44375 0.03515625 0.0546875
0 0.46953125 0.43125 0.04296875 0.0703125
0 0.54140625 0.43359375 0.03515625 0.06796875
0 0.64140625 0.48828125 0.08984375 0.071875
0 0.5546875 0.46171875 0.065625 0.02421875
0 0.590625 0.63359375 0.046875 0.03515625
0 0.5359375 0.6140625 0.034375 0.0296875
0 0.50390625 0.615625 0.05703125 0.078125
0 0.303125 0.6203125 0.03984375 0.05546875
0 0.39296875 0.6171875 0.06328125 0.05