0 0.2640625 0.8984375 0.315768775 0.8984375 0.3171875 0.8374832796874999 0.2640625 0.8359375 0.2640625 0.8984375
0 0.578125 0.903125 0.6252549296875001 0.903125 0.63124889375 0.7887533359375001 0.578125 0.78596923125 0.578125 0.903125
0 0.5421875 0.840625 0.471875 0.840625 0.47416667500000004 0.90625 0.5421875 0.903874659375 0.5421875 0.840625
0 0.425 0.7140625 0.3390625 0.7140625 0.348561409375 0.8953125 0.425 0.891752315625 0.425 0.7140625
0 0.34375 0.8921875 0.34375 0.80227513125 0.3046875 0.8 0.30898120156250003 0.8921875 0.34375 0.8921875
0 0.2984375 0.5171875 0.3601174125 0.5171875 0.3609375 0.470204703125 0.2984375 0.46875 0.2984375 0.5171875
0 0.434375 0.51875 0.434375 0.38461434375 0.31875 0.38125 0.321150071875 0.51875 0.434375 0.51875
0 0.5375 0.5171875 0.5375 0.41329229375 0.47975260468750003 0.41093926875 0.48037073750000003 0.5171875 0.5375 0.5171875
0 0.640625 0.40625 0.58125 0.40625 0.58496033125 0.5125 0.640625 0.5095827374999999 0.640625 0.40625
0 0.503125 0.334375 0.503125 0.5125 0.5859375 0.5120182109375 0.5859375 0.334375 0.503125 0.334375
0 0.5796875 0.044199218750000005 0.5796875 0.1734375 0.6890625 0.1734375 0.6890625 0.04375 0.6569016609375 0.04375 0.5796875 0.044199218750000005
0 0.525 0.1828125 0.525 0.04794941875 0.434375 0.0453125 0.44077916562499997 0.1828125 0.525 0.1828125
0 0.3609375 0.18125 0.454562853125 0.18125 0.4578125 0.088192290625 0.3609375 0.0859375 0.3609375 0.18125
0 0.3625 0.1875 0.3625 0.0205683796875 0.284375 0.01875 0.28633858437500004 0.1875 0.3625 0.1875