0 0.371875 0.81484375 0.3234375 0.81484375 0.3234375 0.88046875 0.371875 0.88046875 0.371875 0.81484375
0 0.56328125 0.77734375 0.51171875 0.77734375 0.51171875 0.87890625 0.56328125 0.87890625 0.56328125 0.77734375
0 0.38203125 0.76484375 0.33984375 0.76484375 0.33984375 0.83828125 0.38203125 0.83828125 0.38203125 0.76484375
0 0.64921875 0.76484375 0.61796875 0.76484375 0.61796875 0.87890625 0.64921875 0.87890625 0.64921875 0.76484375
0 0.465625 0.7171875 0.396875 0.7171875 0.396875 0.875 0.465625 0.875 0.465625 0.7171875
0 0.6484375 0.7890625 0.590625 0.7890625 0.590625 0.84375 0.6484375 0.84375 0.6484375 0.7890625
0 0.3890625 0.44375 0.3359375 0.44375 0.3359375 0.5234375 0.3890625 0.5234375 0.3890625 0.44375
0 0.471875 0.37734375 0.359375 0.37734375 0.359375 0.52265625 0.471875 0.52265625 0.471875 0.37734375
0 0.5609375 0.3921875 0.503125 0.3921875 0.503125 0.5171875 0.5609375 0.5171875 0.5609375 0.3921875
0 0.678125 0.40625 0.6140625 0.40625 0.6140625 0.5234375 0.678125 0.5234375 0.678125 0.40625
0 0.621875 0.3359375 0.534375 0.3359375 0.534375 0.5203125 0.621875 0.5203125 0.621875 0.3359375
0 0.39453125 0.00390625 0.31953125 0.00390625 0.31953125 0.17421875 0.39453125 0.17421875 0.39453125 0.00390625
0 0.484375 0.06640625 0.4 0.06640625 0.4 0.17421875 0.484375 0.17421875 0.484375 0.06640625
0 0.728125 0.03515625 0.6015625 0.03515625 0.6015625 0.17578125 0.728125 0.17578125 0.728125 0.03515625
0 0.5796875 0.02890625 0.465625 0.02890625 0.465625 0.17734375 0.5796875 0.17734375 0.5796875 0.02890625