0 0.2078125 0.8109375 0.2078125 0.8749848140625 0.250514653125 0.8747363796875 0.25311425781249997 0.8109375 0.2078125 0.8109375
0 0.51875 0.86875 0.51875 0.786810321875 0.48125 0.7859375 0.48173178906249997 0.86875 0.51875 0.86875
0 0.4328125 0.8703125 0.4328125 0.8195622281249999 0.3875 0.8171875 0.38997433593749997 0.8703125 0.4328125 0.8703125
0 0.334375 0.8734375 0.334375 0.771660984375 0.271875 0.76875 0.2761406890625 0.8734375 0.334375 0.8734375
0 0.2265625 0.7234375 0.2265625 0.8061911 0.268867003125 0.8044673234375 0.2702813828125 0.7234375 0.2265625 0.7234375
0 0.390625 0.7953125 0.44284968124999996 0.7953125 0.44375 0.7437332796875 0.390625 0.7421875 0.390625 0.7953125
0 0.5109375 0.74375 0.46875 0.74375 0.46959547968750004 0.7921875 0.5109375 0.7914658718750001 0.5109375 0.74375
0 0.2671875 0.515625 0.2671875 0.43004202343750003 0.20625 0.4296875 0.2072499734375 0.515625 0.2671875 0.515625
0 0.3296875 0.39375 0.2328125 0.39375 0.24264106875000002 0.5625 0.3296875 0.5609805984375 0.3296875 0.39375
0 0.3453125 0.46875 0.30625 0.46875 0.30747753125 0.5109375 0.3453125 0.5100568812499999 0.3453125 0.46875
0 0.5453125 0.425 0.484375 0.425 0.4850749578125 0.5453125 0.5453125 0.54391045625 0.5453125 0.425
0 0.38125 0.36875 0.38125 0.50927498125 0.4255199703125 0.508502246875 0.4312144375 0.36875 0.38125 0.36875
0 0.48122417500000003 0.5515625 0.4875 0.3718464 0.4875 0.3706705234375 0.40163247343749997 0.3691717 0.4015625 0.3711754765625 0.4015625 0.5515625 0.48122417500000003 0.5515625
0 0.5046875 0.196875 0.6082829281250001 0.196875 0.6140625 0.0550341484375 0.5046875 0.053125 0.5046875 0.196875
0 0.328125 0.190625 0.4311176296875 0.190625 0.4328125 0.04496815 0.328125 0.04375 0.328125 0.190625
0 0.26875 0.06875 0.26875 0.190625 0.34375 0.18887935625000002 0.34375 0.06875 0.26875 0.06875
0 0.1609375 0.190625 0.24233822031250002 0.190625 0.25 0.0025914546875 0.1609375 0 0.1609375 0.190625