0 0.403125 0.14375 0.309375 0.14375 0.3115572765625 0.21875 0.403125 0.2144851640625 0.403125 0.14375
0 0.4015625 0.0765625 0.4015625 0.220263790625 0.4882261875 0.2152162046875 0.48903284999999996 0.0765625 0.4015625 0.0765625
0 0.559375 0.14375 0.4875 0.14375 0.49113872968749994 0.221875 0.559375 0.22068393125000002 0.559375 0.14375
0 0.728125 0.21875 0.728125 0.1701696421875 0.6 0.1671875 0.6021010109375 0.21875 0.728125 0.21875
0 0.315625 0.559375 0.38204322031250004 0.559375 0.3859375 0.46380251406250006 0.315625 0.4609375 0.315625 0.559375
0 0.4625 0.4359375 0.3421875 0.4359375 0.34364200624999997 0.5609375 0.4625 0.5540148109375 0.4625 0.4359375
0 0.5890625 0.3734375 0.5203125 0.3734375 0.5214578859375 0.5703125 0.5890625 0.5671637640625 0.5890625 0.3734375
0 0.496875 0.5640625 0.5429445687500001 0.5640625 0.54375 0.42562073749999996 0.496875 0.4234375 0.496875 0.5640625
0 0.5984375 0.5671875 0.664275075 0.5671875 0.665625 0.45117518125 0.5984375 0.4484375 0.5984375 0.5671875
0 0.303125 0.8421875 0.303125 0.9234044906250001 0.3548317765625 0.9222010015625 0.3562284171875 0.8421875 0.303125 0.8421875
0 0.334375 0.878125 0.37360653906249996 0.878125 0.375 0.79829365625 0.334375 0.796875 0.334375 0.878125
0 0.6046875 0.9234375 0.6381132468749999 0.9234375 0.64375 0.815881865625 0.6046875 0.8140625 0.6046875 0.9234375
0 0.584375 0.828125 0.584375 0.884361665625 0.624672746875 0.8827196578125 0.62499036875 0.828125 0.584375 0.828125
0 0.5 0.8203125 0.5 0.9202921890625 0.55450449375 0.919657971875 0.556238575 0.8203125 0.5 0.8203125
0 0.3609375 0.9203125 0.43648653125000003 0.9203125 0.4421875 0.7243829296875 0.3609375 0.7234375 0.3609375 0.9203125