0 0.2203125 0.203125 0.2203125 0.007564251562500001 0.125 0.003125 0.12965505156249998 0.203125 0.2203125 0.203125
0 0.234375 0.20625 0.31456469062500003 0.20625 0.31875 0.062410271875 0.234375 0.0609375 0.234375 0.20625
0 0.3140625 0.0390625 0.3140625 0.1981944671875 0.4197725109375 0.1951186203125 0.427951065625 0.0390625 0.3140625 0.0390625
0 0.4734375 0.203125 0.5870676046875001 0.203125 0.590625 0.0502848078125 0.4734375 0.046875 0.4734375 0.203125
0 0.240625 0.5328125 0.240625 0.44538670781249995 0.184375 0.44375 0.1854113359375 0.5328125 0.240625 0.5328125
0 0.3171875 0.56875 0.3171875 0.42027269062499995 0.203125 0.415625 0.2084722421875 0.56875 0.3171875 0.56875
0 0.28125 0.5234375 0.32580651718750003 0.5234375 0.328125 0.48363070625000004 0.28125 0.4828125 0.28125 0.5234375
0 0.465625 0.3859375 0.375 0.3859375 0.3792550078125 0.56875 0.465625 0.5652306921875 0.465625 0.3859375
0 0.3625 0.39375 0.3625 0.5202482203125001 0.41029084375 0.5188576484375 0.41247460625 0.39375 0.3625 0.39375
0 0.459375 0.553125 0.526848540625 0.553125 0.528125 0.4434263484375 0.459375 0.440625 0.459375 0.553125
0 0.2265625 0.8859375 0.2265625 0.8287734531250001 0.184375 0.8265625 0.18748671249999999 0.8859375 0.2265625 0.8859375
0 0.20625 0.7296875 0.20625 0.817163790625 0.24792844062500002 0.8152225859375 0.24842606875 0.7296875 0.20625 0.7296875
0 0.246875 0.8859375 0.3139947296875 0.8859375 0.3171875 0.8075813046875 0.3171875 0.778574034375 0.24805554531250001 0.7765625 0.2472907609375 0.7765625 0.246875 0.7867660171875 0.246875 0.8859375
0 0.415625 0.821875 0.3671875 0.821875 0.36856946874999996 0.88125 0.415625 0.8798808234375001 0.415625 0.821875
0 0.459375 0.7828125 0.459375 0.87630818125 0.49563352343749995 0.8741963625 0.4998897953125 0.7828125 0.459375 0.7828125
0 0.4234375 0.8 0.4234375 0.7401203890625 0.3734375 0.7375 0.3738011140625 0.8 0.4234375 0.8
0 0.45 0.7390625 0.45 0.7953125 0.490625 0.7943669421874999 0.490625 0.7390625 0.45 0.7390625