0 0.340625 0.83515625 0.290625 0.83515625 0.290625 0.91015625 0.340625 0.91015625 0.340625 0.83515625
0 0.628125 0.79609375 0.5859375 0.79609375 0.5859375 0.90390625 0.628125 0.90390625 0.628125 0.79609375
0 0.5359375 0.80859375 0.4875 0.80859375 0.4875 0.91015625 0.5359375 0.91015625 0.5359375 0.80859375
0 0.43828125 0.69453125 0.37734375 0.69453125 0.37734375 0.90859375 0.43828125 0.90859375 0.43828125 0.69453125
0 0.3703125 0.45859375 0.30625 0.45859375 0.30625 0.55703125 0.3703125 0.55703125 0.3703125 0.45859375
0 0.43203125 0.41640625 0.36171875 0.41640625 0.36171875 0.55078125 0.43203125 0.55078125 0.43203125 0.41640625
0 0.55 0.35625 0.4828125 0.35625 0.4828125 0.5484375 0.55 0.5484375 0.55 0.35625
0 0.61796875 0.42578125 0.54765625 0.42578125 0.54765625 0.55234375 0.61796875 0.55234375 0.61796875 0.42578125
0 0.67734375 0.0609375 0.58046875 0.0609375 0.58046875 0.2109375 0.67734375 0.2109375 0.67734375 0.0609375
0 0.5515625 0.00625 0.490625 0.00625 0.490625 0.2078125 0.5515625 0.2078125 0.5515625 0.00625
0 0.4671875 0.04140625 0.390625 0.04140625 0.390625 0.19921875 0.4671875 0.19921875 0.4671875 0.04140625
0 0.375 0.03125 0.2921875 0.03125 0.2921875 0.1953125 0.375 0.1953125 0.375 0.03125