0 0.3140625 0.81724329375 0.3140625 0.884373115625 0.3605413515625 0.884102709375 0.3640482296875 0.8171875 0.3236525375 0.8171875 0.3140625 0.81724329375
0 0.6422814046875 0.8796875 0.6453125 0.7755155265625 0.6453125 0.7747559500000001 0.6031470640625 0.7723000921875001 0.603125 0.773058384375 0.603125 0.8796875 0.6422814046875 0.8796875
0 0.625 0.8453125 0.625 0.7863738515625001 0.5875 0.7859375 0.5909582 0.8453125 0.625 0.8453125
0 0.553125 0.784375 0.51836795 0.784375 0.5079094015625001 0.784801153125 0.5078125 0.790352640625 0.5078125 0.8828125 0.53519128125 0.8828125 0.55143466875 0.8821506328125001 0.553125 0.7853116124999999 0.553125 0.784375
0 0.421875 0.715625 0.421875 0.876317084375 0.4946906234375 0.8741983671875 0.5030011015625 0.715625 0.421875 0.715625
0 0.3375 0.7625 0.3375 0.8467463359374999 0.3678574375 0.8451553703125001 0.37026246406249996 0.7625 0.3375 0.7625
0 0.3328125 0.53125 0.3792163875 0.53125 0.3796875 0.4502727109375 0.3328125 0.45 0.3328125 0.53125
0 0.4625 0.528125 0.4625 0.39398934375 0.346875 0.390625 0.3476749515625 0.528125 0.4625 0.528125
0 0.5 0.5265625 0.543030178125 0.5265625 0.54375 0.40283549531249996 0.5 0.4015625 0.5 0.5265625
0 0.6109375 0.525 0.666872328125 0.525 0.671875 0.4295433359375 0.6109375 0.428125 0.6109375 0.525
0 0.51875 0.5234375 0.6036393624999999 0.5234375 0.6125 0.3543664765625 0.51875 0.35 0.51875 0.5234375
0 0.309375 0.178125 0.38324132187500004 0.178125 0.3875 0.0317637296875 0.309375 0.028125 0.309375 0.178125
0 0.3933869125 0.175 0.4765625 0.1735481640625 0.4765625 0.0921875 0.394575046875 0.0921875 0.39062580156250004 0.092256434375 0.3920700953125 0.175 0.3933869125 0.175
0 0.690625 0.178125 0.690625 0.03775795 0.59375 0.034375 0.5987698609375001 0.178125 0.690625 0.178125
0 0.5703125 0.06875 0.465625 0.06875 0.46960815 0.1828125 0.5703125 0.17694713906249998 0.5703125 0.06875