0 0.296875 0.03125 0.296875 0.2045817828125 0.3719726375 0.201959315625 0.3749523796875 0.03125 0.296875 0.03125
0 0.4609375 0.048081204687500004 0.391834046875 0.046875 0.391127590625 0.046875 0.3956736421875 0.2031126625 0.3963804578125 0.203125 0.4609375 0.203125 0.4609375 0.048081204687500004
0 0.4828125 0.0125 0.4828125 0.20611219687500001 0.5499177921875 0.20494087031250002 0.5577591578125001 0.0125 0.4828125 0.0125
0 0.5796875 0.0359375 0.5857440703125001 0.209375 0.6890625 0.209375 0.6890625 0.0359375 0.5796875 0.0359375
0 0.303125 0.5453125 0.3631259765625 0.5453125 0.36875 0.44875176093749997 0.303125 0.4453125 0.303125 0.5453125
0 0.3640625 0.4171875 0.3640625 0.5484375 0.42659776875000005 0.5484375 0.428125 0.4171875 0.3640625 0.4171875
0 0.55625 0.55 0.55625 0.36291815625 0.484375 0.3625 0.486556759375 0.55 0.55625 0.55
0 0.5484375 0.42971833125 0.5484375 0.5499614 0.6112621953125 0.5488647906249999 0.614036078125 0.4296875 0.550203790625 0.4296875 0.5484375 0.42971833125
0 0.340625 0.90625 0.340625 0.83836403125 0.2953962046875 0.8359936906250001 0.2953962046875 0.90625 0.340625 0.90625
0 0.3203125 0.8703125 0.36062306875 0.8703125 0.3640625 0.7859027843749999 0.3203125 0.784375 0.3203125 0.8703125
0 0.5390625 0.84375 0.490625 0.84375 0.49353598437499996 0.90625 0.5390625 0.90412956875 0.5390625 0.84375
0 0.4796875 0.86875 0.53127533125 0.86875 0.534375 0.8021988468749999 0.4796875 0.8015625 0.4796875 0.86875
0 0.634375 0.90625 0.634375 0.8042003765624999 0.5843750671875 0.8015799906250001 0.5849840203125 0.90625 0.634375 0.90625
0 0.6265625 0.8199864984375 0.5734375 0.81875 0.5734375 0.86875 0.6265625 0.86875 0.6265625 0.8199864984375
0 0.3734375 0.69375 0.3734375 0.9092289703124999 0.44372595312499996 0.9075929875 0.4499481484375 0.69375 0.3734375 0.69375