0 0.359375 0.003125 0.359375 0.1745921 0.43362162968750007 0.1702677265625 0.44043217500000004 0.003125 0.359375 0.003125
0 0.4453125 0.165625 0.520889784375 0.165625 0.5265625 0.0573831328125 0.4453125 0.053125 0.4453125 0.165625
0 0.771875 0.14375 0.771875 0.009589859374999999 0.6515625 0.0046875 0.6596619687499999 0.14375 0.771875 0.14375
0 0.509375 0.1578125 0.6043794171875 0.1578125 0.6125 0.01838746875 0.509375 0.0171875 0.509375 0.1578125
0 0.4078125 0.4265625 0.4078125 0.5076886015625 0.45667936718749996 0.5062667203125 0.4608564890625 0.4265625 0.4078125 0.4265625
0 0.4109375 0.3625 0.4109375 0.5029916328125 0.4958324703125 0.5010156796875 0.5014765515625 0.3625 0.4109375 0.3625
0 0.5640625 0.31875 0.5640625 0.49834623906250003 0.649459128125 0.496855634375 0.654641471875 0.31875 0.5640625 0.31875
0 0.646875 0.3765625 0.646875 0.5046484625 0.7258885703125 0.5032692765625 0.7281002453125 0.3765625 0.646875 0.3765625
0 0.371875 0.8375 0.413722778125 0.8375 0.4171875 0.771389153125 0.371875 0.76875 0.371875 0.8375
0 0.5546875 0.7828125 0.5546875 0.86396341875 0.5909126875 0.8626984078125 0.593702365625 0.7828125 0.5546875 0.7828125
0 0.5015625 0.846875 0.5015625 0.6946590671874999 0.4234375 0.69375 0.429676865625 0.846875 0.5015625 0.846875
0 0.6984375 0.7585420125 0.6421875 0.75625 0.6421875 0.8625 0.6984375 0.8625 0.6984375 0.7585420125
0 0.578125 0.8203125 0.6271190828125001 0.8203125 0.628125 0.7626835390625 0.578125 0.7609375 0.578125 0.8203125