0 0.440625 0.01484375 0.35625 0.01484375 0.35625 0.18203125 0.440625 0.18203125 0.440625 0.01484375
0 0.52890625 0.04609375 0.45078125 0.04609375 0.45078125 0.16640625 0.52890625 0.16640625 0.52890625 0.04609375
0 0.65 0 0.65 0.146875 0.76875 0.146875 0.76875 0 0.65 0
0 0.621875 0.0234375 0.5140625 0.0234375 0.5140625 0.1609375 0.621875 0.1609375 0.621875 0.0234375
0 0.459375 0.42734375 0.4 0.42734375 0.4 0.50390625 0.459375 0.50390625 0.459375 0.42734375
0 0.4984375 0.36953125 0.403125 0.36953125 0.403125 0.50078125 0.4984375 0.50078125 0.4984375 0.36953125
0 0.52578125 0.47109375 0.49765625 0.47109375 0.49765625 0.50546875 0.52578125 0.50546875 0.52578125 0.47109375
0 0.659375 0.31875 0.5453125 0.31875 0.5453125 0.5078125 0.659375 0.5078125 0.659375 0.31875
0 0.72578125 0.38515625 0.65390625 0.38515625 0.65390625 0.50390625 0.72578125 0.50390625 0.72578125 0.38515625
0 0.6140625 0.37109375 0.56875 0.37109375 0.56875 0.50703125 0.6140625 0.50703125 0.6140625 0.37109375
0 0.4140625 0.775 0.365625 0.775 0.365625 0.840625 0.4140625 0.840625 0.4140625 0.775
0 0.4859375 0.69609375 0.41875 0.69609375 0.41875 0.84140625 0.4859375 0.84140625 0.4859375 0.69609375
0 0.5921875 0.79453125 0.54375 0.79453125 0.54375 0.85859375 0.5921875 0.85859375 0.5921875 0.79453125
0 0.6828125 0.75703125 0.64375 0.75703125 0.64375 0.86328125 0.6828125 0.86328125 0.6828125 0.75703125
0 0.621875 0.76484375 0.565625 0.76484375 0.565625 0.82578125 0.621875 0.82578125 0.621875 0.76484375