0 0.315625 0 0.3218452625 0.178125 0.3890625 0.17695171875 0.3890625 0 0.315625 0
0 0.403125 0.175 0.48127565 0.175 0.4859375 0.060590018749999995 0.403125 0.05625 0.403125 0.175
0 0.571875 0.028125 0.475 0.028125 0.48169526406249996 0.171875 0.571875 0.16977604375 0.571875 0.028125
0 0.611266840625 0.1703125 0.7328125 0.1681909125 0.7328125 0.0375 0.6043064328125001 0.0375 0.6035442078125001 0.0375133046875 0.61050391875 0.1703125 0.611266840625 0.1703125
0 0.334375 0.44375 0.334375 0.525 0.3875 0.5240727 0.3875 0.44375 0.334375 0.44375
0 0.3578125 0.38125 0.3578125 0.520048584375 0.462273059375 0.5157921437499999 0.4685394609375 0.38125 0.3578125 0.38125
0 0.553125 0.3875 0.51098094375 0.3875 0.5172395203125 0.5218741578125 0.553125 0.520829996875 0.553125 0.3875
0 0.678125 0.40625 0.615625 0.40625 0.61761596875 0.5203125 0.678125 0.5189041375000001 0.678125 0.40625
0 0.61875 0.5234375 0.61875 0.34511367656249997 0.540625 0.34375 0.5489940796874999 0.5234375 0.61875 0.5234375
0 0.3703125 0.878125 0.3703125 0.8127636203125 0.325 0.8125 0.32805653281249997 0.878125 0.3703125 0.878125
0 0.38125 0.762757028125 0.38125 0.7625 0.335977909375 0.7625 0.3359375 0.76327105625 0.3359375 0.8421875 0.377087225 0.8421875 0.38125 0.762757028125
0 0.5625 0.88125 0.5625 0.781289065625 0.50937565 0.7797433046875 0.5111474546875 0.88125 0.5625 0.88125
0 0.609375 0.76875 0.609375 0.873181965625 0.6507635609375 0.8712542624999999 0.65613558125 0.76875 0.609375 0.76875
0 0.634375 0.8375 0.634375 0.789246590625 0.596875 0.7875 0.5986210390625 0.8375 0.634375 0.8375
0 0.459375 0.71875 0.396875 0.71875 0.3977931265625 0.8765625 0.459375 0.8751291671875 0.459375 0.71875