0 0.328125 0.0515625 0.328125 0.1795659875 0.3938928578125 0.1768861515625 0.39680979843749997 0.0515625 0.328125 0.0515625
0 0.58125 0.1875 0.58125 0.0955158859375 0.4859375 0.0921875 0.4892658859375 0.1875 0.58125 0.1875
0 0.4046875 0.109375 0.4046875 0.1810306078125 0.4786262578125 0.1771556421875 0.48257403125 0.109375 0.4046875 0.109375
0 0.6036290328125 0.0359539234375 0.603125 0.0483237734375 0.603125 0.182701359375 0.7030374796875 0.18037587187499998 0.7078125 0.06318849531250001 0.7078125 0.0359375 0.6043346515625 0.0359375 0.6036290328125 0.0359539234375
0 0.3328125 0.5265625 0.39365547031250003 0.5265625 0.396875 0.4475496125 0.3328125 0.4453125 0.3328125 0.5265625
0 0.4734375 0.5328125 0.4734375 0.3953418625 0.365625 0.3890625 0.37232026406249996 0.5328125 0.4734375 0.5328125
0 0.509375 0.534375 0.56027975625 0.534375 0.5625 0.4071773 0.509375 0.40625 0.509375 0.534375
0 0.6125 0.43125 0.6125 0.535838215625 0.6754218109375 0.53437369375 0.6796237796875 0.43125 0.6125 0.43125
0 0.540625 0.53125 0.6136657 0.53125 0.615625 0.36286818125 0.540625 0.359375 0.540625 0.53125
0 0.3692209515625 0.8828125 0.3703125 0.8202777359375 0.3703125 0.8195354874999999 0.3125129546875 0.81919921875 0.3125 0.8199413921875 0.3125 0.8828125 0.3692209515625 0.8828125
0 0.3828125 0.7609375 0.328125 0.7609375 0.330197953125 0.85 0.3828125 0.848162659375 0.3828125 0.7609375
0 0.415625 0.88125 0.50001955 0.88125 0.5046875 0.720822953125 0.415625 0.71875 0.415625 0.88125
0 0.5046875 0.79375 0.5046875 0.8906053234375 0.5504352578125 0.88980679375 0.5515529796875 0.79375 0.5046875 0.79375
0 0.6482064328125 0.8828125 0.653125 0.7889606625 0.653125 0.788247734375 0.6094123515625001 0.787993421875 0.609375 0.7887061328125 0.609375 0.8828125 0.6482064328125 0.8828125
0 0.584375 0.803125 0.584375 0.8531046828125 0.632230696875 0.851433525 0.6327928171874999 0.803125 0.584375 0.803125