0 0.33515625 0.83515625 0.29609375 0.83515625 0.29609375 0.91015625 0.33515625 0.91015625 0.33515625 0.83515625
0 0.628125 0.80078125 0.5875 0.80078125 0.5875 0.90703125 0.628125 0.90703125 0.628125 0.80078125
0 0.53828125 0.81484375 0.48515625 0.81484375 0.48515625 0.90859375 0.53828125 0.90859375 0.53828125 0.81484375
0 0.4421875 0.70234375 0.371875 0.70234375 0.371875 0.90078125 0.4421875 0.90078125 0.4421875 0.70234375
0 0.3609375 0.78125 0.321875 0.78125 0.321875 0.8703125 0.3609375 0.8703125 0.3609375 0.78125
0 0.3703125 0.45390625 0.3046875 0.45390625 0.3046875 0.55078125 0.3703125 0.55078125 0.3703125 0.45390625
0 0.43203125 0.41484375 0.35703125 0.41484375 0.35703125 0.55078125 0.43203125 0.55078125 0.43203125 0.41484375
0 0.5515625 0.35234375 0.484375 0.35234375 0.484375 0.55078125 0.5515625 0.55078125 0.5515625 0.35234375
0 0.61640625 0.4296875 0.54765625 0.4296875 0.54765625 0.5515625 0.61640625 0.5515625 0.61640625 0.4296875
0 0.67734375 0.05234375 0.58203125 0.05234375 0.58203125 0.21015625 0.67734375 0.21015625 0.67734375 0.05234375
0 0.55390625 0.0125 0.48671875 0.0125 0.48671875 0.2078125 0.55390625 0.2078125 0.55390625 0.0125
0 0.47109375 0.03828125 0.38828125 0.03828125 0.38828125 0.20234375 0.47109375 0.20234375 0.47109375 0.03828125
0 0.37578125 0.03515625 0.28984375 0.03515625 0.28984375 0.20078125 0.37578125 0.20078125 0.37578125 0.03515625