0 0.3265625 0.2125 0.40026098593750004 0.2125 0.4015625 0.1379363375 0.3265625 0.1375 0.3265625 0.2125
0 0.4875 0.0703125 0.415625 0.0703125 0.418134165625 0.2140625 0.4875 0.21325535625 0.4875 0.0703125
0 0.4851755046875 0.2171875 0.5484375 0.21645138125000002 0.5484375 0.15 0.485566390625 0.15 0.48482421875000004 0.1500086359375 0.48443338281250004 0.2171875 0.4851755046875 0.2171875
0 0.596875 0.165625 0.596875 0.21872841250000002 0.725944334375 0.21422121249999998 0.726509803125 0.165625 0.596875 0.165625
0 0.403125 0.4359375 0.334375 0.4359375 0.33940469218749997 0.559375 0.403125 0.5556637156249999 0.403125 0.4359375
0 0.4078125 0.501594165625 0.4078125 0.5593620703125 0.46427939843750005 0.5583764375 0.46560175781249996 0.5015625 0.40962657968749994 0.5015625 0.4078125 0.501594165625
0 0.5125 0.5671875 0.5863618484375 0.5671875 0.5875 0.371555753125 0.5125 0.3671875 0.5125 0.5671875
0 0.540625 0.4109375 0.496875 0.4109375 0.499493259375 0.5609375 0.540625 0.5599801484375 0.540625 0.4109375
0 0.6046875 0.44639659375 0.6046875 0.56393303125 0.6631874734375 0.5625714281249999 0.6687216703125001 0.44375 0.6048107671875 0.44375 0.6046875 0.44639659375
0 0.309375 0.84375 0.309375 0.9171875 0.3454451515625 0.9171875 0.3484375 0.84375 0.309375 0.84375
0 0.334375 0.8765625 0.3670771359375 0.8765625 0.371875 0.7941863515625001 0.334375 0.79375 0.334375 0.8765625
0 0.4421875 0.725 0.3640625 0.725 0.3651897046875 0.91875 0.4421875 0.91695785625 0.4421875 0.725
0 0.54375 0.921875 0.54375 0.8492411375 0.503125 0.846875 0.5044341296875 0.921875 0.54375 0.921875
0 0.5546875 0.81875 0.5 0.81875 0.5028013484375 0.8875 0.5546875 0.8865943250000001 0.5546875 0.81875
0 0.6453125 0.91875 0.6453125 0.81852450625 0.6125 0.8171875 0.61723035 0.91875 0.6453125 0.91875
0 0.6359375 0.8307645812500001 0.5855712843750001 0.828125 0.58484043125 0.828125 0.5871308796875 0.8843366156249999 0.5878632968749999 0.884375 0.6359375 0.884375 0.6359375 0.8307645812500001