0 0.309375 0.14375 0.309375 0.218622896875 0.4009427234375 0.213289684375 0.4029661203125 0.14375 0.309375 0.14375
0 0.4890625 0.0765625 0.4015625 0.0765625 0.40574519843749995 0.2203125 0.4890625 0.21788821406249997 0.4890625 0.0765625
0 0.559375 0.221875 0.559375 0.14625992968749998 0.4875 0.14375 0.4884090671875 0.221875 0.559375 0.221875
0 0.728125 0.1671875 0.6 0.1671875 0.6012001312499999 0.21875 0.728125 0.21653451875 0.728125 0.1671875
0 0.315625 0.4609375 0.315625 0.5592248921875 0.38077860937499997 0.557329115625 0.3858302796875 0.4609375 0.315625 0.4609375
0 0.4625 0.4359375 0.3421875 0.4359375 0.348738471875 0.5609375 0.4625 0.556302071875 0.4625 0.4359375
0 0.5890625 0.5703125 0.5890625 0.3750376734375 0.5203125 0.3734375 0.5248948171875 0.5703125 0.5890625 0.5703125
0 0.496875 0.4234375 0.5017857328125 0.5640625 0.54375 0.5640625 0.54375 0.4234375 0.496875 0.4234375
0 0.665625 0.4484375 0.5984375 0.4484375 0.5998192812500001 0.5671875 0.665625 0.5660388562499999 0.665625 0.4484375
0 0.35625 0.8421875 0.3047607484375 0.8421875 0.305233440625 0.9234363640625001 0.35625 0.9222489390625 0.35625 0.8421875
0 0.3348125 0.7969143062499999 0.334375 0.8345129515625 0.334375 0.878125 0.334617078125 0.878125 0.3734375 0.8760905078125001 0.3734375 0.796875 0.3355625078125 0.796875 0.3348125 0.7969143062499999
0 0.6046875 0.8140625 0.6046875 0.92340046875 0.6405675125 0.9229829671875001 0.643736775 0.8140625 0.6046875 0.8140625
0 0.584375 0.828125 0.584375 0.8842415046875001 0.6227079875 0.8820088625 0.6249035875 0.828125 0.584375 0.828125
0 0.5 0.9203125 0.5539758203125 0.9203125 0.55625 0.8226045125000001 0.5 0.8203125 0.5 0.9203125
0 0.3609375 0.7234375 0.3609375 0.9198854187500001 0.4330179 0.9165282203125 0.44201124375 0.7234375 0.3609375 0.7234375