0 0.4375 0.1734375 0.4375 0.01748290625 0.3640625 0.0140625 0.3649897171875 0.1734375 0.4375 0.1734375
0 0.446875 0.0453125 0.446875 0.1640625 0.5265625 0.16035099531250002 0.5265625 0.0453125 0.446875 0.0453125
0 0.6515625 0.1453125 0.7739825515625001 0.1453125 0.778125 0.0029457750000000003 0.6515625 0 0.6515625 0.1453125
0 0.6203125 0.153125 0.6203125 0.029064415625 0.496875 0.021875 0.497638590625 0.153125 0.6203125 0.153125
0 0.409375 0.5078125 0.46036270156250003 0.5078125 0.4625 0.4343582796875 0.409375 0.4328125 0.409375 0.5078125
0 0.3984375 0.37034107656250004 0.3984375 0.4999699859375 0.5054955 0.49435931406250005 0.5062171828124999 0.3703125 0.39898278125000003 0.3703125 0.3984375 0.37034107656250004
0 0.5578125 0.503125 0.6164481203125 0.503125 0.6171875 0.37603639375000003 0.5578125 0.375 0.5578125 0.503125
0 0.7265625 0.5078125 0.7265625 0.3875376734375 0.6578125 0.3859375 0.6634889187499999 0.5078125 0.7265625 0.5078125
0 0.49885665156250003 0.5046784093750001 0.5375 0.504228753125 0.5375 0.492220946875 0.5367349406249999 0.4703125 0.4976565671875 0.4703125 0.49885665156250003 0.5046784093750001
0 0.559375 0.309375 0.559375 0.49994837187499996 0.6540318765625 0.497745209375 0.6562237625 0.309375 0.559375 0.309375
0 0.365625 0.778125 0.365625 0.8375 0.41875 0.8356448343749999 0.41875 0.778125 0.365625 0.778125
0 0.415625 0.6953125 0.415625 0.8437097984375 0.49202277343749995 0.8419316203125 0.49372884062500005 0.6953125 0.415625 0.6953125
0 0.590625 0.7875 0.546875 0.7875 0.5477477046875 0.8625 0.590625 0.8602528953125 0.590625 0.7875
0 0.6921875 0.8625 0.6921875 0.7575229953125 0.6484375 0.75625 0.650910496875 0.8625 0.6921875 0.8625
0 0.571875 0.7625 0.571875 0.8234189203125 0.6233689015625 0.8231193375 0.6265458265625 0.7625 0.571875 0.7625