0 0.284375 0.025 0.284375 0.1857739734375 0.3506299390625 0.1838461515625 0.35617696875 0.025 0.284375 0.025
0 0.378125 0.0875 0.378125 0.1842568640625 0.44974204999999995 0.1817559421875 0.453033540625 0.0875 0.378125 0.0875
0 0.525 0.1828125 0.525 0.0551783796875 0.440625 0.0546875 0.44435305625000004 0.1828125 0.525 0.1828125
0 0.578125 0.175 0.69005003125 0.175 0.696875 0.044771840624999996 0.578125 0.040625 0.578125 0.175
0 0.30625 0.4671875 0.30625 0.5186083796875 0.3566727234375 0.5159658375 0.35922908750000004 0.4671875 0.30625 0.4671875
0 0.31875 0.3875 0.31875 0.5187233421874999 0.4289590234375 0.5174409437499999 0.43122714999999995 0.3875 0.31875 0.3875
0 0.4796875 0.41875 0.4796875 0.51875 0.527571721875 0.51875 0.5328125 0.41875 0.4796875 0.41875
0 0.64375 0.51875 0.64375 0.41133929374999995 0.5875 0.409375 0.5906824875 0.51875 0.64375 0.51875
0 0.51875 0.5234375 0.579280059375 0.5234375 0.5875 0.3469520828125 0.51875 0.34375 0.51875 0.5234375
0 0.325 0.909375 0.325 0.8455685640624999 0.2625 0.84375 0.26555653281249997 0.909375 0.325 0.909375
0 0.3453125 0.8921875 0.3453125 0.8065045296875001 0.3015625 0.80625 0.30606629375 0.8921875 0.3453125 0.8921875
0 0.5796875 0.7980643953125 0.5821691812500001 0.9046875 0.628125 0.9046875 0.628125 0.799191790625 0.6281076296875 0.7984454921874999 0.5796875 0.7973185015625 0.5796875 0.7980643953125
0 0.54375 0.903125 0.54375 0.8381418093749999 0.471875 0.834375 0.47307503593750005 0.903125 0.54375 0.903125
0 0.3390625 0.8984375 0.4134821578125 0.8984375 0.415625 0.7142820125 0.3390625 0.7125 0.3390625 0.8984375