0 0.340625 0.909375 0.340625 0.8346658921874999 0.290625 0.834375 0.293681015625 0.909375 0.340625 0.909375
0 0.5859375 0.903125 0.6256862921875 0.903125 0.628125 0.7983482203125 0.5859375 0.796875 0.5859375 0.903125
0 0.5359375 0.809375 0.4875 0.809375 0.4898275265625 0.909375 0.5359375 0.9088384609375 0.5359375 0.809375
0 0.4375 0.909375 0.4375 0.6954776359375 0.378125 0.69375 0.38314372812499997 0.909375 0.4375 0.909375
0 0.3703125 0.45974770468750004 0.30625 0.459375 0.30625 0.55625 0.3703125 0.55625 0.3703125 0.45974770468750004
0 0.43125 0.55 0.43125 0.41842634843750004 0.3625 0.415625 0.364845525 0.55 0.43125 0.55
0 0.4828125 0.35625 0.4828125 0.548411478125 0.5477636953125 0.547655703125 0.549990903125 0.35625 0.4828125 0.35625
0 0.6169329234375 0.5515625 0.6171875 0.5296841953125 0.6171875 0.4274311984375 0.5473005296875 0.4253976953125 0.546875 0.46196762343750003 0.546875 0.5515625 0.6169329234375 0.5515625
0 0.6765625 0.0609375 0.5796875 0.0609375 0.5831787890625 0.2109375 0.6765625 0.20767646874999998 0.6765625 0.0609375
0 0.490625 0.2078125 0.54924186875 0.2078125 0.5515625 0.008377984375 0.490625 0.00625 0.490625 0.2078125
0 0.4671875 0.2 0.4671875 0.0446374703125 0.390625 0.040625 0.39526233906249997 0.2 0.4671875 0.2
0 0.2921875 0.03125 0.2921875 0.1952347125 0.368314965625 0.1943488890625 0.3749607359375 0.03125 0.2921875 0.03125