0 0.33125 0.184375 0.397662553125 0.184375 0.3984375 0.0511727625 0.33125 0.05 0.33125 0.184375
0 0.4890625 0.11750528906249999 0.403125 0.1125 0.403125 0.18125 0.4890625 0.18125 0.4890625 0.11750528906249999
0 0.4890625 0.0875 0.4890625 0.18273503124999999 0.5747966140625 0.180739546875 0.5780526109374999 0.0875 0.4890625 0.0875
0 0.603125 0.0390625 0.603125 0.18743969375 0.7036590140625 0.1850997390625 0.706208103125 0.0390625 0.603125 0.0390625
0 0.3890625 0.44648768125 0.321875 0.44375 0.321875 0.528125 0.3890625 0.528125 0.3890625 0.44648768125
0 0.4663966390625 0.5276228140625 0.467166396875 0.3953125 0.3649551359375 0.3953125 0.3625 0.3953982359375 0.3625 0.53125 0.36252764375 0.53125 0.4663966390625 0.5276228140625
0 0.559375 0.53125 0.559375 0.40672120625 0.5109391328124999 0.4047475953125 0.5160937109375 0.53125 0.559375 0.53125
0 0.6765625 0.4390625 0.615625 0.4390625 0.6205382296875 0.5328125 0.6765625 0.5318345921875001 0.6765625 0.4390625
0 0.621875 0.53125 0.621875 0.3536886015625 0.525 0.353125 0.527072671875 0.53125 0.621875 0.53125
0 0.36875 0.828125 0.315625 0.828125 0.31791701250000004 0.884375 0.36875 0.8831918484375001 0.36875 0.828125
0 0.3359375 0.8515625 0.38077588125 0.8515625 0.38125 0.770068459375 0.3359375 0.76875 0.3359375 0.8515625
0 0.509375 0.875 0.509375 0.724602846875 0.415625 0.721875 0.4165158546875 0.875 0.509375 0.875
0 0.503125 0.8890625 0.554905059375 0.8890625 0.5578125 0.8266385906249999 0.5578125 0.800928959375 0.5043198531249999 0.7984375 0.5035829640625 0.7984375 0.503125 0.808270178125 0.503125 0.8890625
0 0.609375 0.8890625 0.651123975 0.8890625 0.653125 0.8030902843750001 0.609375 0.8015625 0.609375 0.8890625
0 0.6292611921875 0.8511935671874999 0.6312126 0.7953125 0.5912468234375 0.7953125 0.58915030625 0.795410146875 0.5890625 0.797924590625 0.5890625 0.8530658515624999 0.6292611921875 0.8511935671874999