0 0.375 0.2 0.375 0.0315408921875 0.325 0.03125 0.3328596578125 0.2 0.375 0.2
0 0.4616569828125 0.1984375 0.4625 0.0535349796875 0.4625 0.052787664062499996 0.395316846875 0.050441575 0.3953125 0.0511887390625 0.3953125 0.1984375 0.4616569828125 0.1984375
0 0.48555741250000006 0.20625 0.5421875 0.20427243593750002 0.5421875 0.015625 0.48555741250000006 0.015625 0.48479729843749997 0.01565154375 0.48479729843749997 0.20625 0.48555741250000006 0.20625
0 0.578125 0.0265625 0.578125 0.21049993437499998 0.6673863796874999 0.2068628125 0.6778876765625 0.0265625 0.578125 0.0265625
0 0.371875 0.5484375 0.371875 0.45890344218749995 0.309375 0.4578125 0.31201191875 0.5484375 0.371875 0.5484375
0 0.359375 0.41875 0.359375 0.5499822265625001 0.433611409375 0.54825435625 0.43436484374999995 0.41875 0.359375 0.41875
0 0.4859375 0.35474606249999996 0.4859375 0.5498607453125001 0.5455906734375 0.5488194953125001 0.5546325171875 0.3546875 0.48929251406249996 0.3546875 0.4859375 0.35474606249999996
0 0.5515625 0.428125 0.5515625 0.5499504859375001 0.612788328125 0.548881784375 0.6155989734375 0.428125 0.5515625 0.428125
0 0.3375 0.909375 0.3375 0.838027259375 0.2921875 0.8375 0.29427884843749996 0.909375 0.3375 0.909375
0 0.321875 0.871875 0.35674442968750003 0.871875 0.359375 0.78146816875 0.321875 0.78125 0.321875 0.871875
0 0.43027256875 0.9046875 0.4375 0.6977209484375 0.4375 0.696968140625 0.38440124062500003 0.694185353125 0.384375 0.6949367859375 0.384375 0.9046875 0.43027256875 0.9046875
0 0.491775490625 0.90625 0.5375 0.904120346875 0.5375 0.8453125 0.4919497328125 0.8453125 0.490625478125 0.845374178125 0.4913338328125 0.90625 0.491775490625 0.90625
0 0.63125 0.8015625 0.584375 0.8015625 0.5862296 0.9078125 0.63125 0.907550578125 0.63125 0.8015625
0 0.5359375 0.86875 0.5359375 0.8118920734374999 0.48125 0.8109375 0.4846171953125 0.86875 0.5359375 0.86875