0 0.371875 0.03203125 0.29375 0.03203125 0.29375 0.19921875 0.371875 0.19921875 0.371875 0.03203125
0 0.46171875 0.04453125 0.39140625 0.04453125 0.39140625 0.20234375 0.46171875 0.20234375 0.46171875 0.04453125
0 0.5515625 0.0109375 0.484375 0.0109375 0.484375 0.2078125 0.5515625 0.2078125 0.5515625 0.0109375
0 0.67578125 0.05859375 0.58203125 0.05859375 0.58203125 0.20859375 0.67578125 0.20859375 0.67578125 0.05859375
0 0.36640625 0.46015625 0.30390625 0.46015625 0.30390625 0.55078125 0.36640625 0.55078125 0.36640625 0.46015625
0 0.428125 0.41875 0.3703125 0.41875 0.3703125 0.5484375 0.428125 0.5484375 0.428125 0.41875
0 0.5546875 0.36328125 0.4890625 0.36328125 0.4890625 0.55234375 0.5546875 0.55234375 0.5546875 0.36328125
0 0.61640625 0.43359375 0.54765625 0.43359375 0.54765625 0.55078125 0.61640625 0.55078125 0.61640625 0.43359375
0 0.3453125 0.8421875 0.3 0.8421875 0.3 0.9125 0.3453125 0.9125 0.3453125 0.8421875
0 0.3625 0.7796875 0.3234375 0.7796875 0.3234375 0.871875 0.3625 0.871875 0.3625 0.7796875
0 0.63359375 0.80390625 0.59140625 0.80390625 0.59140625 0.90546875 0.63359375 0.90546875 0.63359375 0.80390625
0 0.44453125 0.70703125 0.37421875 0.70703125 0.37421875 0.90703125 0.44453125 0.90703125 0.44453125 0.70703125
0 0.61875 0.81875 0.571875 0.81875 0.571875 0.86875 0.61875 0.86875 0.61875 0.81875
0 0.53828125 0.85078125 0.48671875 0.85078125 0.48671875 0.90859375 0.53828125 0.90859375 0.53828125 0.85078125
0 0.53203125 0.8046875 0.47890625 0.8046875 0.47890625 0.86875 0.53203125 0.86875 0.53203125 0.8046875