0 0.40625 0.145461321875 0.3125 0.1421875 0.3125 0.21875 0.40625 0.21875 0.40625 0.145461321875
0 0.4 0.0761807578125 0.40803069843750006 0.2140625 0.4875 0.2140625 0.4875 0.0766898171875 0.48745553125 0.07592631875 0.4 0.07541751875 0.4 0.0761807578125
0 0.4796875 0.1453125 0.4796875 0.2203125 0.55919185625 0.2203125 0.5609375 0.1453125 0.4796875 0.1453125
0 0.732582515625 0.221875 0.7328125 0.2139709296875 0.7328125 0.17353309687500001 0.5972777578125 0.16722046562499998 0.596875 0.18106235625 0.596875 0.221875 0.732582515625 0.221875
0 0.33125 0.4578125 0.33125 0.5577786421875001 0.3800863953125 0.5563576484375 0.381233071875 0.4578125 0.33125 0.4578125
0 0.35 0.4359375 0.35 0.5607002734375001 0.45355303124999996 0.5564808109375 0.4591674265625 0.4359375 0.35 0.4359375
0 0.509375 0.3703125 0.509375 0.5671875 0.590313534375 0.5671875 0.59375 0.3703125 0.509375 0.3703125
0 0.55 0.41875 0.496875 0.41875 0.4993568921875 0.5609375 0.55 0.5591690046875 0.55 0.41875
0 0.6 0.5625 0.669232475 0.5625 0.671875 0.4489663484375 0.6 0.446875 0.6 0.5625
0 0.3515625 0.9171875 0.3515625 0.8518079390625 0.309375 0.8515625 0.3112844921875 0.9171875 0.3515625 0.9171875
0 0.375 0.884375 0.375 0.7942227140625 0.334375 0.79375 0.3380676859375 0.884375 0.375 0.884375
0 0.609375 0.80625 0.609375 0.9203125 0.6435561203125 0.9203125 0.646875 0.80625 0.609375 0.80625
0 0.63125 0.8287037390625 0.63125 0.828125 0.585977909375 0.828125 0.5859375 0.8298611499999999 0.5859375 0.884375 0.6299542359375 0.884375 0.63125 0.8287037390625
0 0.5 0.9203125 0.5504447234375001 0.9203125 0.55625 0.8206397531249999 0.5 0.8203125 0.5 0.9203125
0 0.44375 0.9171875 0.44375 0.7330618515625 0.3609375 0.7296875 0.364210325 0.9171875 0.44375 0.9171875