0 0.2421875 0.8125 0.196875 0.8125 0.19927580312499998 0.88125 0.2421875 0.8792513546875 0.2421875 0.8125
0 0.378125 0.8734375 0.42469136093750004 0.8734375 0.425 0.8203869109375 0.378125 0.81875 0.378125 0.8734375
0 0.33125 0.76875 0.2640625 0.76875 0.26586255312499996 0.871875 0.33125 0.8680666140625 0.33125 0.76875
0 0.2625 0.8078125 0.2625 0.7351786375 0.221875 0.7328125 0.22318412968749998 0.8078125 0.2625 0.8078125
0 0.384375 0.7953125 0.43405282500000003 0.7953125 0.434375 0.739935253125 0.384375 0.7390625 0.384375 0.7953125
0 0.4734375 0.7859375 0.4734375 0.8734375 0.5104284406249999 0.8734375 0.5109375 0.7859375 0.4734375 0.7859375
0 0.5 0.7421875 0.4609375 0.7421875 0.461810253125 0.7921875 0.5 0.7904087828125 0.5 0.7421875
0 0.2578125 0.43125 0.1984375 0.43125 0.20310506718750002 0.5203125 0.2578125 0.5187206765625 0.2578125 0.43125
0 0.3234375 0.55625 0.3234375 0.4018013890625 0.22812527500000002 0.3984730125 0.22996117656249998 0.55625 0.3234375 0.55625
0 0.3015625 0.5171875 0.3325531109375 0.5171875 0.3328125 0.4726023515625 0.3015625 0.471875 0.3015625 0.5171875
0 0.5421875 0.55625 0.5421875 0.42853406562499996 0.471875 0.428125 0.47336586875000003 0.55625 0.5421875 0.55625
0 0.3734375 0.515625 0.42652167187499995 0.515625 0.428125 0.37783536562500003 0.3734375 0.3765625 0.3734375 0.515625
0 0.48100634375 0.559375 0.4875 0.373421034375 0.4875 0.372887596875 0.38599330468750004 0.36875151562499997 0.3859375 0.370349553125 0.3859375 0.559375 0.48100634375 0.559375
0 0.615625 0.1953125 0.615625 0.050710407812500004 0.4828125 0.04375 0.4836942640625 0.1953125 0.615625 0.1953125
0 0.3296875 0.2 0.44622004843749996 0.2 0.4515625 0.0470121984375 0.3296875 0.040625 0.3296875 0.2
0 0.259375 0.196875 0.34375911718749996 0.196875 0.3453125 0.063377603125 0.259375 0.059375 0.259375 0.196875
0 0.15625 0.0066484703125 0.15625 0.007425065625 0.1651465484375 0.1984375 0.1904300765625 0.1984375 0.2578125 0.1952991140625 0.2578125 0.00625 0.1648053234375 0.00625 0.15625 0.0066484703125