0 0.3703125 0.02734375 0.2921875 0.02734375 0.2921875 0.19609375 0.3703125 0.19609375 0.3703125 0.02734375
0 0.46875 0.04375 0.3859375 0.04375 0.3859375 0.2046875 0.46875 0.2046875 0.46875 0.04375
0 0.559375 0.0109375 0.4828125 0.0109375 0.4828125 0.2078125 0.559375 0.2078125 0.559375 0.0109375
0 0.67890625 0.04609375 0.57890625 0.04609375 0.57890625 0.21015625 0.67890625 0.21015625 0.67890625 0.04609375
0 0.3671875 0.46484375 0.3078125 0.46484375 0.3078125 0.54765625 0.3671875 0.54765625 0.3671875 0.46484375
0 0.43359375 0.425 0.36171875 0.425 0.36171875 0.5484375 0.43359375 0.5484375 0.43359375 0.425
0 0.55390625 0.35859375 0.48671875 0.35859375 0.48671875 0.55390625 0.55390625 0.55390625 0.55390625 0.35859375
0 0.61796875 0.42734375 0.54765625 0.42734375 0.54765625 0.55234375 0.61796875 0.55234375 0.61796875 0.42734375
0 0.34140625 0.84453125 0.29453125 0.84453125 0.29453125 0.90859375 0.34140625 0.90859375 0.34140625 0.84453125
0 0.36171875 0.78125 0.32109375 0.78125 0.32109375 0.8671875 0.36171875 0.8671875 0.36171875 0.78125
0 0.63125 0.79609375 0.5828125 0.79609375 0.5828125 0.90859375 0.63125 0.90859375 0.63125 0.79609375
0 0.61875 0.8125 0.571875 0.8125 0.571875 0.8703125 0.61875 0.8703125 0.61875 0.8125
0 0.5359375 0.81015625 0.4859375 0.81015625 0.4859375 0.91015625 0.5359375 0.91015625 0.5359375 0.81015625
0 0.4453125 0.69453125 0.3796875 0.69453125 0.3796875 0.89453125 0.4453125 0.89453125 0.4453125 0.69453125