0 0.5046875 0.7921875 0.5046875 0.7456334046875 0.46875 0.74375 0.46959547968750004 0.7921875 0.5046875 0.7921875
0 0.26875 0.7390625 0.221875 0.7390625 0.22564180937499997 0.8109375 0.26875 0.81018504375 0.26875 0.7390625
0 0.5125 0.784375 0.475 0.784375 0.47689111406249995 0.865625 0.5125 0.8647961937499999 0.5125 0.784375
0 0.3921875 0.7453125 0.3921875 0.8015625 0.440625 0.7993064875 0.440625 0.7453125 0.3921875 0.7453125
0 0.384375 0.8171875 0.384375 0.8733688859375001 0.4315032671875 0.8708989984375 0.43275341562499997 0.8171875 0.384375 0.8171875
0 0.246875 0.8859375 0.246875 0.8290191140625 0.2 0.8265625 0.202765434375 0.8859375 0.246875 0.8859375
0 0.334375 0.778125 0.271875 0.778125 0.27367505312499996 0.88125 0.334375 0.8780688515625 0.334375 0.778125
0 0.2015625 0.4441838265625 0.2015625 0.4449364046875 0.20254866875 0.5296875 0.25353261875 0.5296875 0.2609375 0.52951515 0.2609375 0.44375 0.2202014265625 0.44375 0.2015625 0.4441838265625
0 0.3296875 0.5734375 0.3296875 0.410452021875 0.2265625 0.40625 0.22753516875000002 0.5734375 0.3296875 0.5734375
0 0.3375 0.484375 0.2984375 0.484375 0.29867385 0.525 0.3375 0.5238702734375 0.3375 0.484375
0 0.4328125 0.5203125 0.4328125 0.37787173281249997 0.3765625 0.3765625 0.3832577640625 0.5203125 0.4328125 0.5203125
0 0.5421875 0.4359375 0.48125 0.4359375 0.488439415625 0.559375 0.5421875 0.5565581828124999 0.5421875 0.4359375
0 0.384375 0.36875 0.3891391546875 0.5734375 0.484375 0.5734375 0.484375 0.36875 0.384375 0.36875
0 0.6 0.184375 0.6 0.050330271875 0.48125 0.046875 0.48845607031249993 0.184375 0.6 0.184375
0 0.30625 0.0265625 0.30625 0.1952610484375 0.436518240625 0.1884339796875 0.43745998124999996 0.0265625 0.30625 0.0265625
0 0.2484375 0.1890625 0.3383442015625 0.1890625 0.340625 0.0583956875 0.2484375 0.05625 0.2484375 0.1890625
0 0.1515625 0.0015625 0.1615527328125 0.1921875 0.2375 0.1921875 0.2375 0.0015625 0.1515625 0.0015625