0 0.375 0.7765625 0.37695495625 0.84375 0.421875 0.84375 0.421875 0.7765625 0.375 0.7765625
0 0.646875 0.7609375 0.646875 0.8656037375000001 0.6950476734375 0.8650431968750001 0.6968648453124999 0.7609375 0.646875 0.7609375
0 0.596875 0.85625 0.596875 0.7955579390625 0.5546875 0.7953125 0.5561058359375 0.85625 0.596875 0.85625
0 0.4265625 0.69375 0.4265625 0.8468386999999999 0.4975466453125 0.8439463187499999 0.49842046093750003 0.69375 0.4265625 0.69375
0 0.578125 0.7605754625000001 0.5792768078125 0.8265625 0.6265625 0.8265625 0.6265625 0.762831475 0.6265498609375 0.7621073843749999 0.578125 0.7598519609375 0.578125 0.7605754625000001
0 0.4078125 0.428125 0.4078125 0.5062473562500001 0.4651704828125 0.50591365625 0.46562304374999997 0.428125 0.4078125 0.428125
0 0.4206607453125 0.50625 0.496875 0.5027002640625 0.496875 0.3671875 0.416861684375 0.3671875 0.41406603750000004 0.367317709375 0.41972709375 0.50625 0.4206607453125 0.50625
0 0.648428409375 0.3236256078125 0.5703125 0.3195317265625 0.5703125 0.5055826140625 0.58304696875 0.50625 0.6463033828125 0.50625 0.648428409375 0.3236256078125
0 0.6578125 0.384375 0.6578125 0.503125 0.730228159375 0.503125 0.734375 0.384375 0.6578125 0.384375
0 0.653125 0.0046875 0.653125 0.1421735375 0.769474928125 0.1414966328125 0.7718629406249999 0.0046875 0.653125 0.0046875
0 0.6171875 0.0203125 0.5140625 0.0203125 0.5195378609375 0.1546875 0.6171875 0.1501393953125 0.6171875 0.0203125
0 0.4421875 0.16875 0.522998878125 0.16875 0.528125 0.058690103125000004 0.4421875 0.0546875 0.4421875 0.16875
0 0.3640625 0.0136795359375 0.3640625 0.1734375 0.391282240625 0.1734375 0.44031729999999997 0.1717251578125 0.446805228125 0.0125 0.37593775156250003 0.0125 0.36409370937499996 0.012913603125 0.3640625 0.0136795359375