0 0.46875 0.7921875 0.5033085390625 0.7921875 0.5046875 0.744795675 0.46875 0.74375 0.46875 0.7921875
0 0.26875 0.7390625 0.221875 0.7390625 0.2243849296875 0.8109375 0.26875 0.810421265625 0.26875 0.7390625
0 0.475 0.865625 0.51157489375 0.865625 0.5125 0.786121590625 0.475 0.784375 0.475 0.865625
0 0.3921875 0.7453125 0.3921875 0.8015625 0.44029774687499995 0.8015625 0.440625 0.7453125 0.3921875 0.7453125
0 0.384375 0.8171875 0.384375 0.8733765218749999 0.4315032671875 0.8711814875 0.432759990625 0.8171875 0.384375 0.8171875
0 0.246875 0.8265625 0.2 0.8265625 0.20138196874999997 0.8859375 0.246875 0.8843488484375 0.246875 0.8265625
0 0.271875 0.88125 0.3302619109375 0.88125 0.334375 0.7803075484375 0.271875 0.778125 0.271875 0.88125
0 0.259512478125 0.5296875 0.2609375 0.4480480296875 0.2609375 0.44729505312500006 0.20157563125000003 0.44418402968750004 0.2015625 0.44493631875000006 0.2015625 0.5296875 0.259512478125 0.5296875
0 0.2265625 0.40625 0.2265625 0.5734035343749999 0.323849184375 0.5728375359375 0.3296665484375 0.40625 0.2265625 0.40625
0 0.3375 0.525 0.3375 0.4848295328125 0.2984375 0.484375 0.3000928421875 0.525 0.3375 0.525
0 0.3765625 0.3765625 0.3765625 0.5200396890625 0.4261172359375 0.5180204875000001 0.4327057484375 0.3765625 0.3765625 0.3765625
0 0.48125 0.4359375 0.48125 0.559375 0.5393144609375 0.559375 0.5421875 0.4359375 0.48125 0.4359375
0 0.484375 0.3728246875 0.384375 0.36875 0.384375 0.5734375 0.484375 0.5734375 0.484375 0.3728246875
0 0.6 0.046875 0.48125 0.046875 0.48845607031249993 0.184375 0.6 0.18242799375000002 0.6 0.046875
0 0.30625 0.0265625 0.30625 0.19515245781249999 0.43357229999999997 0.189964471875 0.4373755234375 0.0265625 0.30625 0.0265625
0 0.2484375 0.05625 0.2484375 0.188972490625 0.3390795859375 0.1836931890625 0.340562521875 0.05625 0.2484375 0.05625
0 0.1515625 0.0015625 0.1515625 0.192032525 0.234172628125 0.188184896875 0.237430134375 0.0015625 0.1515625 0.0015625