0 0.2390625 0.0015625 0.1375 0.0015625 0.1399362984375 0.2109375 0.2390625 0.20863031250000003 0.2390625 0.0015625
0 0.246875 0.2078125 0.32943494218749997 0.2078125 0.3375 0.06934080468750001 0.246875 0.0640625 0.246875 0.2078125
0 0.5921875 0.0659029671875 0.4855769078125 0.0609375 0.484855965625 0.0609375 0.48571026406250006 0.20777891249999997 0.48643140156250003 0.2078125 0.5921875 0.2078125 0.5921875 0.0659029671875
0 0.309375 0.2078125 0.39719190625 0.2078125 0.4 0.0469369546875 0.309375 0.0421875 0.309375 0.2078125
0 0.2515625 0.521875 0.2515625 0.44324488593750005 0.1953125 0.440625 0.1976766328125 0.521875 0.2515625 0.521875
0 0.21875 0.5640625 0.3176345734375 0.5640625 0.325 0.40592383125 0.21875 0.4046875 0.21875 0.5640625
0 0.2921875 0.475 0.2921875 0.51093385 0.330622709375 0.510710240625 0.3312460328125 0.475 0.2921875 0.475
0 0.5375 0.55625 0.5375 0.4374315328125 0.471875 0.434375 0.4782621984375 0.55625 0.5375 0.55625
0 0.4234375 0.3801984203125 0.3640625 0.378125 0.3640625 0.528125 0.4234375 0.528125 0.4234375 0.3801984203125
0 0.478125 0.5578125 0.478125 0.38070085468750003 0.3765625 0.3765625 0.3818363359375 0.5578125 0.478125 0.5578125
0 0.190625 0.8254895203125001 0.190625 0.8262053640625 0.1932615203125 0.8828125 0.21919715625 0.8828125 0.2359375 0.88203280625 0.2359375 0.825 0.2011352140625 0.825 0.190625 0.8254895203125001
0 0.253125 0.7375 0.211078125 0.7375 0.211078125 0.8187478171875 0.253125 0.8177691656249999 0.253125 0.7375
0 0.3765625 0.8125 0.3765625 0.881208075 0.41358446562499995 0.8807772859374999 0.41716272656250003 0.8125 0.3765625 0.8125
0 0.2546875 0.7765625 0.2546875 0.8826829328124999 0.31816466875 0.8804662609375 0.3217930671875 0.7765625 0.2546875 0.7765625
0 0.4671875 0.79375 0.4671875 0.876545675 0.5002331234375 0.876353421875 0.5031176984375 0.79375 0.4671875 0.79375
0 0.421875 0.7453125 0.378125 0.7453125 0.378815890625 0.8046875 0.421875 0.8034346078124999 0.421875 0.7453125
0 0.4546875 0.796875 0.49447277500000003 0.796875 0.4953125 0.7487671390624999 0.4546875 0.746875 0.4546875 0.796875