0 0.3243325765625 0.88125 0.365625 0.8807695203125 0.365625 0.8140625 0.327682778125 0.8140625 0.32031383125 0.8141482453125001 0.32187564062499996 0.88125 0.3243325765625 0.88125
0 0.5671875 0.8765625 0.5671875 0.7753454343749999 0.5078125 0.775 0.513135165625 0.8765625 0.5671875 0.8765625
0 0.3828125 0.84375 0.3828125 0.7622104953125 0.3390625 0.7609375 0.341472096875 0.84375 0.3828125 0.84375
0 0.6171875 0.8796875 0.64777796875 0.8796875 0.6515625 0.7713127109375 0.6171875 0.7703125 0.6171875 0.8796875
0 0.3953125 0.71875 0.3953125 0.871745359375 0.45804451718749994 0.86992004375 0.4624431171875 0.71875 0.3953125 0.71875
0 0.640625 0.834375 0.640625 0.7867037875 0.590625 0.784375 0.5923710390625 0.834375 0.640625 0.834375
0 0.390625 0.521875 0.390625 0.4459871125 0.3265625 0.44375 0.3270170171875 0.521875 0.390625 0.521875
0 0.359375 0.3765625 0.359375 0.5231936421875 0.46432780312500005 0.51891714375 0.470128309375 0.3765625 0.359375 0.3765625
0 0.50625 0.5203125 0.554637121875 0.5203125 0.5609375 0.3850408453125 0.50625 0.3828125 0.50625 0.5203125
0 0.6125 0.40625 0.6125 0.5249678390625 0.6753610625 0.524236384375 0.6781072265625 0.40625 0.6125 0.40625
0 0.621875 0.5234375 0.621875 0.33902731875000003 0.534375 0.3375 0.5387027437499999 0.5234375 0.621875 0.5234375
0 0.5984375 0.040625 0.5984375 0.171594721875 0.722776971875 0.165078365625 0.7278480578125001 0.040625 0.5984375 0.040625
0 0.459375 0.028125 0.459375 0.171758134375 0.5651797359375 0.1699113046875 0.5717835390625 0.028125 0.459375 0.028125
0 0.3921875 0.0625 0.3921875 0.1749390296875 0.479135228125 0.1739273015625 0.4843250375 0.0625 0.3921875 0.0625
0 0.3203125 0.175 0.3832515109375 0.175 0.3921875 0.00449118125 0.3203125 0.0015625 0.3203125 0.175