0 0.3633066625 0.8856738796875 0.365625 0.8192853765624999 0.365625 0.81875 0.32039619375 0.81875 0.3203125 0.8211466640625 0.3203125 0.8859240125 0.3633066625 0.8856738796875
0 0.5640625 0.878125 0.5640625 0.7806525875 0.5109383796875 0.779725303125 0.514374571875 0.878125 0.5640625 0.878125
0 0.340625 0.7609375 0.340625 0.839046628125 0.381646815625 0.8388079703125 0.3843661109375 0.7609375 0.340625 0.7609375
0 0.621875 0.7668080203125001 0.626986896875 0.8765625 0.65 0.8765625 0.65 0.7679540265625 0.649964653125 0.7671951140625 0.621875 0.7660505484375 0.621875 0.7668080203125001
0 0.6421875 0.7921875 0.590625 0.7921875 0.592216675 0.83125 0.6421875 0.82950498125 0.6421875 0.7921875
0 0.3953125 0.71875 0.3953125 0.874904715625 0.46056128437500005 0.8741454765625001 0.468705215625 0.71875 0.3953125 0.71875
0 0.334375 0.4453125 0.337103184375 0.5234375 0.3890625 0.5234375 0.3890625 0.4453125 0.334375 0.4453125
0 0.4671875 0.375 0.365625 0.375 0.3726113625 0.525 0.4671875 0.5233491671875 0.4671875 0.375
0 0.503125 0.51875 0.5528489265625 0.51875 0.5578125 0.396935184375 0.503125 0.39375 0.503125 0.51875
0 0.621875 0.4125 0.621875 0.5280623609374999 0.6723087984375 0.5268885015625 0.6749712203125 0.4125 0.621875 0.4125
0 0.6203125 0.525 0.6203125 0.34107951718749996 0.5421875 0.340625 0.546478875 0.525 0.6203125 0.525
0 0.73125 0.171875 0.73125 0.040576603125 0.600001515625 0.0359933046875 0.6055382703125 0.171875 0.73125 0.171875
0 0.459375 0.171875 0.5632802703124999 0.171875 0.5640625 0.0374210953125 0.459375 0.034375 0.459375 0.171875
0 0.48125 0.065625 0.3953125 0.065625 0.4007170515625 0.16875 0.48125 0.1673442921875 0.48125 0.065625
0 0.30625 0.16875 0.3916926390625 0.16875 0.3984375 0.0032192578125 0.30625 0 0.30625 0.16875