0 0.27578125 0.01015625 0.18671875 0.01015625 0.18671875 0.19921875 0.27578125 0.19921875 0.27578125 0.01015625
0 0.38203125 0.06875 0.28515625 0.06875 0.28515625 0.2078125 0.38203125 0.2078125 0.38203125 0.06875
0 0.64140625 0.05390625 0.52890625 0.05390625 0.52890625 0.20078125 0.64140625 0.20078125 0.64140625 0.05390625
0 0.4765625 0.04453125 0.3640625 0.04453125 0.3640625 0.20703125 0.4765625 0.20703125 0.4765625 0.04453125
0 0.29375 0.43515625 0.234375 0.43515625 0.234375 0.52890625 0.29375 0.52890625 0.29375 0.43515625
0 0.359375 0.40234375 0.28125 0.40234375 0.28125 0.56015625 0.359375 0.56015625 0.359375 0.40234375
0 0.375 0.475 0.334375 0.475 0.334375 0.5171875 0.375 0.5171875 0.375 0.475
0 0.51953125 0.37109375 0.41328125 0.37109375 0.41328125 0.56796875 0.51953125 0.56796875 0.51953125 0.37109375
0 0.578125 0.43515625 0.509375 0.43515625 0.509375 0.55546875 0.578125 0.55546875 0.578125 0.43515625
0 0.4625 0.3828125 0.4015625 0.3828125 0.4015625 0.515625 0.4625 0.515625 0.4625 0.3828125
0 0.26640625 0.81875 0.22578125 0.81875 0.22578125 0.890625 0.26640625 0.890625 0.26640625 0.81875
0 0.2890625 0.72734375 0.2484375 0.72734375 0.2484375 0.81484375 0.2890625 0.81484375 0.2890625 0.72734375
0 0.35390625 0.775 0.29140625 0.775 0.29140625 0.8890625 0.35390625 0.8890625 0.35390625 0.775
0 0.45078125 0.82734375 0.40390625 0.82734375 0.40390625 0.88515625 0.45078125 0.88515625 0.45078125 0.82734375
0 0.53359375 0.77109375 0.49921875 0.77109375 0.49921875 0.88046875 0.53359375 0.88046875 0.53359375 0.77109375
0 0.4640625 0.74609375 0.4078125 0.74609375 0.4078125 0.81015625 0.4640625 0.81015625 0.4640625 0.74609375