0 0.3734375 0.03203125 0.315625 0.03203125 0.315625 0.19765625 0.3734375 0.19765625 0.3734375 0.03203125
0 0.459375 0.04453125 0.390625 0.04453125 0.390625 0.19921875 0.459375 0.19921875 0.459375 0.04453125
0 0.54921875 0.01875 0.48203125 0.01875 0.48203125 0.2046875 0.54921875 0.2046875 0.54921875 0.01875
0 0.68203125 0.02734375 0.58203125 0.02734375 0.58203125 0.21015625 0.68203125 0.21015625 0.68203125 0.02734375
0 0.3671875 0.43828125 0.315625 0.43828125 0.315625 0.55234375 0.3671875 0.55234375 0.3671875 0.43828125
0 0.42734375 0.41328125 0.36328125 0.41328125 0.36328125 0.55234375 0.42734375 0.55234375 0.42734375 0.41328125
0 0.553125 0.35234375 0.4890625 0.35234375 0.4890625 0.55078125 0.553125 0.55078125 0.553125 0.35234375
0 0.61328125 0.43203125 0.55078125 0.43203125 0.55078125 0.55078125 0.61328125 0.55078125 0.61328125 0.43203125
0 0.34453125 0.84453125 0.29140625 0.84453125 0.29140625 0.90859375 0.34453125 0.90859375 0.34453125 0.84453125
0 0.359375 0.7828125 0.321875 0.7828125 0.321875 0.86875 0.359375 0.86875 0.359375 0.7828125
0 0.4390625 0.6984375 0.3796875 0.6984375 0.3796875 0.90625 0.4390625 0.90625 0.4390625 0.6984375
0 0.5375 0.84140625 0.49375 0.84140625 0.49375 0.90703125 0.5375 0.90703125 0.5375 0.84140625
0 0.5328125 0.8125 0.48125 0.8125 0.48125 0.865625 0.5328125 0.865625 0.5328125 0.8125
0 0.628125 0.80390625 0.5875 0.80390625 0.5875 0.90859375 0.628125 0.90859375 0.628125 0.80390625
0 0.6171875 0.81875 0.5734375 0.81875 0.5734375 0.86875 0.6171875 0.86875 0.6171875 0.81875