0 0.359375 0.0234375 0.275 0.0234375 0.275 0.1859375 0.359375 0.1859375 0.359375 0.0234375
0 0.453125 0.06953125 0.3734375 0.06953125 0.3734375 0.17421875 0.453125 0.17421875 0.453125 0.06953125
0 0.5234375 0.05390625 0.434375 0.05390625 0.434375 0.17734375 0.5234375 0.17734375 0.5234375 0.05390625
0 0.69765625 0.03515625 0.57578125 0.03515625 0.57578125 0.17109375 0.69765625 0.17109375 0.69765625 0.03515625
0 0.359375 0.4625 0.303125 0.4625 0.303125 0.5140625 0.359375 0.5140625 0.359375 0.4625
0 0.43203125 0.38125 0.32421875 0.38125 0.32421875 0.515625 0.43203125 0.515625 0.43203125 0.38125
0 0.5875 0.32734375 0.4890625 0.32734375 0.4890625 0.50703125 0.5875 0.50703125 0.5875 0.32734375
0 0.5390625 0.40625 0.475 0.40625 0.475 0.5109375 0.5390625 0.5109375 0.5390625 0.40625
0 0.6484375 0.40234375 0.5828125 0.40234375 0.5828125 0.50703125 0.6484375 0.50703125 0.6484375 0.40234375
0 0.31953125 0.84609375 0.27109375 0.84609375 0.27109375 0.90390625 0.31953125 0.90390625 0.31953125 0.84609375
0 0.346875 0.8046875 0.309375 0.8046875 0.309375 0.8953125 0.346875 0.8953125 0.346875 0.8046875
0 0.63125 0.7921875 0.584375 0.7921875 0.584375 0.9015625 0.63125 0.9015625 0.63125 0.7921875
0 0.53828125 0.83359375 0.47890625 0.83359375 0.47890625 0.90078125 0.53828125 0.90078125 0.53828125 0.83359375
0 0.41875 0.7109375 0.346875 0.7109375 0.346875 0.8984375 0.41875 0.8984375 0.41875 0.7109375