0 0.35625 0.0109375 0.2828125 0.0109375 0.2828125 0.171875 0.35625 0.171875 0.35625 0.0109375
0 0.525 0.025 0.421875 0.025 0.421875 0.1703125 0.525 0.1703125 0.525 0.025
0 0.45 0.06953125 0.3625 0.06953125 0.3625 0.17734375 0.45 0.17734375 0.45 0.06953125
0 0.69921875 0.01875 0.58203125 0.01875 0.58203125 0.159375 0.69921875 0.159375 0.69921875 0.01875
0 0.365625 0.4609375 0.309375 0.4609375 0.309375 0.5109375 0.365625 0.5109375 0.365625 0.4609375
0 0.5390625 0.40859375 0.4796875 0.40859375 0.4796875 0.50859375 0.5390625 0.50859375 0.5390625 0.40859375
0 0.4375 0.38125 0.325 0.38125 0.325 0.5140625 0.4375 0.5140625 0.4375 0.38125
0 0.59140625 0.33359375 0.48203125 0.33359375 0.48203125 0.50546875 0.59140625 0.50546875 0.59140625 0.33359375
0 0.6515625 0.39453125 0.5828125 0.39453125 0.5828125 0.50390625 0.6515625 0.50390625 0.6515625 0.39453125
0 0.33046875 0.8296875 0.27578125 0.8296875 0.27578125 0.8953125 0.33046875 0.8953125 0.33046875 0.8296875
0 0.3578125 0.79453125 0.3109375 0.79453125 0.3109375 0.88359375 0.3578125 0.88359375 0.3578125 0.79453125
0 0.55 0.825 0.4796875 0.825 0.4796875 0.8921875 0.55 0.8921875 0.55 0.825
0 0.4328125 0.70234375 0.3515625 0.70234375 0.3515625 0.88984375 0.4328125 0.88984375 0.4328125 0.70234375
0 0.6328125 0.77734375 0.584375 0.77734375 0.584375 0.88671875 0.6328125 0.88671875 0.6328125 0.77734375