0 0.2625 0.0025914546875 0.1734375 0 0.1734375 0.190625 0.2625 0.190625 0.2625 0.0025914546875
0 0.3640625 0.196875 0.3640625 0.0661249703125 0.278125 0.065625 0.27965223125 0.196875 0.3640625 0.196875
0 0.5125 0.190625 0.6276674437499999 0.190625 0.634375 0.0626371984375 0.5125 0.05625 0.5125 0.190625
0 0.465625 0.2015625 0.465625 0.045449698437500005 0.34375 0.0390625 0.345640859375 0.2015625 0.465625 0.2015625
0 0.278125 0.41875 0.2203125 0.41875 0.22308581093750002 0.5140625 0.278125 0.513742290625 0.278125 0.41875
0 0.246875 0.3890625 0.246875 0.5640625 0.35 0.5622624468749999 0.35 0.3890625 0.246875 0.3890625
0 0.3220101640625 0.5109375 0.3578125 0.5088522515625 0.3578125 0.4609375 0.31997281875 0.4609375 0.3192934765625 0.46097706718750003 0.321329209375 0.5109375 0.3220101640625 0.5109375
0 0.4953125 0.559375 0.5556231703125001 0.559375 0.559375 0.430432934375 0.4953125 0.4296875 0.4953125 0.559375
0 0.4421875 0.509375 0.4421875 0.37269320625 0.3953125 0.371875 0.40251857031249993 0.509375 0.4421875 0.509375
0 0.50625 0.55625 0.50625 0.37156877499999996 0.409375 0.36875 0.4148306921875 0.55625 0.50625 0.55625
0 0.2140625 0.81875 0.2140625 0.8749599921875 0.2555204875 0.874236340625 0.2577813828125 0.81875 0.2140625 0.81875
0 0.2359375 0.8078125 0.2781912984375 0.8078125 0.2796875 0.7220951765625 0.2359375 0.7203125 0.2359375 0.8078125
0 0.5203125 0.7796875 0.490625 0.7796875 0.49378969531249994 0.8703125 0.5203125 0.8695407640624999 0.5203125 0.7796875
0 0.390625 0.8171875 0.390625 0.8734336921875 0.44029774687499995 0.8728556968750001 0.440621615625 0.8171875 0.390625 0.8171875
0 0.284375 0.771875 0.284375 0.8780998125 0.34469435625 0.8756419875000001 0.3452980546875 0.771875 0.284375 0.771875
0 0.5171875 0.7921875 0.5171875 0.744795675 0.48125 0.74375 0.48181362187500004 0.7921875 0.5171875 0.7921875
0 0.4 0.741840334375 0.4 0.8015625 0.43409192812499997 0.8015625 0.44929092812500004 0.8010317390624999 0.44999382499999996 0.740625 0.414922821875 0.740625 0.40000808125000004 0.7411458343749999 0.4 0.741840334375