0 0.3890625 0.00078125 0.315625 0.00078125 0.315625 0.17734375 0.3890625 0.17734375 0.3890625 0.00078125
0 0.4859375 0.05703125 0.403125 0.05703125 0.403125 0.17421875 0.4859375 0.17421875 0.4859375 0.05703125
0 0.57265625 0.02734375 0.47421875 0.02734375 0.47421875 0.17265625 0.57265625 0.17265625 0.57265625 0.02734375
0 0.73359375 0.0375 0.60390625 0.0375 0.60390625 0.1703125 0.73359375 0.1703125 0.73359375 0.0375
0 0.3875 0.44453125 0.334375 0.44453125 0.334375 0.52578125 0.3875 0.52578125 0.3875 0.44453125
0 0.46875 0.38125 0.3578125 0.38125 0.3578125 0.5203125 0.46875 0.5203125 0.46875 0.38125
0 0.55390625 0.3875 0.51015625 0.3875 0.51015625 0.521875 0.55390625 0.521875 0.55390625 0.3875
0 0.678125 0.40625 0.615625 0.40625 0.615625 0.5203125 0.678125 0.5203125 0.678125 0.40625
0 0.61953125 0.34375 0.54140625 0.34375 0.54140625 0.5234375 0.61953125 0.5234375 0.61953125 0.34375
0 0.3703125 0.81328125 0.325 0.81328125 0.325 0.87890625 0.3703125 0.87890625 0.3703125 0.81328125
0 0.38203125 0.7625 0.33515625 0.7625 0.33515625 0.8421875 0.38203125 0.8421875 0.38203125 0.7625
0 0.56171875 0.77890625 0.51015625 0.77890625 0.51015625 0.88203125 0.56171875 0.88203125 0.56171875 0.77890625
0 0.65625 0.76875 0.609375 0.76875 0.609375 0.8734375 0.65625 0.8734375 0.65625 0.76875
0 0.634375 0.7875 0.596875 0.7875 0.596875 0.8375 0.634375 0.8375 0.634375 0.7875
0 0.459375 0.71875 0.396875 0.71875 0.396875 0.8765625 0.459375 0.8765625 0.459375 0.71875