0 0.34453125 0.83984375 0.29765625 0.83984375 0.29765625 0.90859375 0.34453125 0.90859375 0.34453125 0.83984375
0 0.62890625 0.79609375 0.58515625 0.79609375 0.58515625 0.91015625 0.62890625 0.91015625 0.62890625 0.79609375
0 0.61640625 0.82109375 0.57265625 0.82109375 0.57265625 0.87109375 0.61640625 0.87109375 0.61640625 0.82109375
0 0.5375 0.81015625 0.4875 0.81015625 0.4875 0.90859375 0.5375 0.90859375 0.5375 0.81015625
0 0.4421875 0.69453125 0.3796875 0.69453125 0.3796875 0.90546875 0.4421875 0.90546875 0.4421875 0.69453125
0 0.3578125 0.78125 0.321875 0.78125 0.321875 0.871875 0.3578125 0.871875 0.3578125 0.78125
0 0.3703125 0.45390625 0.309375 0.45390625 0.309375 0.55078125 0.3703125 0.55078125 0.3703125 0.45390625
0 0.42109375 0.42109375 0.36640625 0.42109375 0.36640625 0.54765625 0.42109375 0.54765625 0.42109375 0.42109375
0 0.55390625 0.35390625 0.47578125 0.35390625 0.47578125 0.55546875 0.55390625 0.55546875 0.55390625 0.35390625
0 0.6125 0.43515625 0.55 0.43515625 0.55 0.55234375 0.6125 0.55234375 0.6125 0.43515625
0 0.6734375 0.05234375 0.5828125 0.05234375 0.5828125 0.20546875 0.6734375 0.20546875 0.6734375 0.05234375
0 0.55546875 0.0125 0.48203125 0.0125 0.48203125 0.2078125 0.55546875 0.2078125 0.55546875 0.0125
0 0.465625 0.05 0.384375 0.05 0.384375 0.2046875 0.465625 0.2046875 0.465625 0.05
0 0.37265625 0.02890625 0.28671875 0.02890625 0.28671875 0.19921875 0.37265625 0.19921875 0.37265625 0.02890625