0 0.3859375 0.02734375 0.315625 0.02734375 0.315625 0.18984375 0.3859375 0.18984375 0.3859375 0.02734375
0 0.4796875 0.0921875 0.396875 0.0921875 0.396875 0.18125 0.4796875 0.18125 0.4796875 0.0921875
0 0.57109375 0.05 0.47265625 0.05 0.47265625 0.184375 0.57109375 0.184375 0.57109375 0.05
0 0.696875 0.025 0.6140625 0.025 0.6140625 0.1796875 0.696875 0.1796875 0.696875 0.025
0 0.38125 0.44609375 0.3296875 0.44609375 0.3296875 0.53203125 0.38125 0.53203125 0.38125 0.44609375
0 0.46328125 0.38203125 0.35703125 0.38203125 0.35703125 0.53046875 0.46328125 0.53046875 0.46328125 0.38203125
0 0.6046875 0.33984375 0.5234375 0.33984375 0.5234375 0.53359375 0.6046875 0.53359375 0.6046875 0.33984375
0 0.675 0.41328125 0.609375 0.41328125 0.609375 0.52578125 0.675 0.52578125 0.675 0.41328125
0 0.546875 0.40234375 0.4984375 0.40234375 0.4984375 0.52734375 0.546875 0.52734375 0.546875 0.40234375
0 0.3671875 0.81484375 0.3125 0.81484375 0.3125 0.88515625 0.3671875 0.88515625 0.3671875 0.81484375
0 0.5 0.70703125 0.41875 0.70703125 0.41875 0.88046875 0.5 0.88046875 0.5 0.70703125
0 0.553125 0.81484375 0.509375 0.81484375 0.509375 0.88046875 0.553125 0.88046875 0.553125 0.81484375
0 0.6453125 0.79140625 0.6078125 0.79140625 0.6078125 0.88046875 0.6453125 0.88046875 0.6453125 0.79140625
0 0.3734375 0.76484375 0.334375 0.76484375 0.334375 0.83984375 0.3734375 0.83984375 0.3734375 0.76484375
0 0.55703125 0.77734375 0.50546875 0.77734375 0.50546875 0.83828125 0.55703125 0.83828125 0.55703125 0.77734375
0 0.6390625 0.7734375 0.58125 0.7734375 0.58125 0.8375 0.6390625 0.8375 0.6390625 0.7734375