0 0.4109375 0.21875 0.4109375 0.146875 0.4125 0.1453125 0.4125 0.0390625 0.3265625 0.0390625 0.3265625 0.21875 0.4109375 0.21875
0 0.6609375 0.5453125 0.6609375 0.45 0.6 0.45 0.6 0.546875 0.659375 0.546875 0.6609375 0.5453125
0 0.4015625 0.7078125 0.4015625 0.8890625 0.4796875 0.8890625 0.4796875 0.7078125 0.4015625 0.7078125
0 0.3984375 0.49375 0.396875 0.4953125 0.396875 0.5296875 0.3953125 0.53125 0.3953125 0.54375 0.396875 0.5453125 0.396875 0.546875 0.4609375 0.546875 0.4609375 0.4171875 0.38125 0.4171875 0.38125 0.4640625 0.3828125 0.4625 0.3875 0.4625 0.3890625 0.4609375 0.390625 0.4625 0.3921875 0.4625 0.3984375 0.46875 0.3984375 0.49375
0 0.47265625 0.1078125 0.096875 0.2125
0 0.52421875 0.1625 0.0578125 0.09375
0 0.62578125 0.18671875 0.071875 0.04921875
0 0.37265625 0.50234375 0.03828125 0.09375
0 0.56640625 0.4515625 0.09375 0.20078125
0 0.63203125 0.51328125 0.03984375 0.06328125
0 0.3359375 0.80390625 0.08125 0.1796875
0 0.52890625 0.84296875 0.0796875 0.11640625
0 0.540625 0.82578125 0.065625 0.0703125
0 0.64453125 0.8265625 0.059375 0.14296875
0 0.6109375 0.8296875 0.053125 0.0578125
0 0.3703125 0.815625 0.03515625 0.09296875