0 0.315625 0.1890625 0.3831439109375 0.1890625 0.3859375 0.0290178671875 0.315625 0.0265625 0.315625 0.1890625
0 0.396875 0.18125 0.478149728125 0.18125 0.4796875 0.0931511109375 0.396875 0.0921875 0.396875 0.18125
0 0.471875 0.05 0.471875 0.184375 0.571875 0.1820474734375 0.571875 0.05 0.471875 0.05
0 0.696875 0.025 0.6140625 0.025 0.6149624453125 0.1796875 0.696875 0.17634981875 0.696875 0.025
0 0.3296875 0.446875 0.3296875 0.5311928171875 0.376335715625 0.530650015625 0.3812150546875 0.446875 0.3296875 0.446875
0 0.45732095624999997 0.53125 0.4625 0.38294159375 0.4625 0.381858834375 0.3579259078125 0.381250440625 0.3578125 0.384498015625 0.3578125 0.53125 0.45732095624999997 0.53125
0 0.6046875 0.5328125 0.6046875 0.3400079296875 0.5234375 0.3390625 0.52907505 0.5328125 0.6046875 0.5328125
0 0.609375 0.41407899375 0.609375 0.5249002890625001 0.6724179015625 0.5223314875 0.6749378890625 0.4140625 0.6097797984375 0.4140625 0.609375 0.41407899375
0 0.546875 0.4015625 0.4984375 0.4015625 0.502074628125 0.5265625 0.546875 0.5249980359374999 0.546875 0.4015625
0 0.3125 0.815625 0.3137000359375 0.884375 0.3671875 0.884375 0.3671875 0.815625 0.3125 0.815625
0 0.49997271874999993 0.7079766796875 0.41875 0.7070315671875 0.41875 0.8805395421875 0.479806584375 0.88125 0.4939218796875 0.88125 0.49997271874999993 0.7079766796875
0 0.509375 0.8796875 0.5527535765625 0.8796875 0.553125 0.8158451765624999 0.509375 0.8140625 0.509375 0.8796875
0 0.6453125 0.790625 0.6078125 0.790625 0.6125619546875 0.88125 0.6453125 0.8802970562500001 0.6453125 0.790625
0 0.3734375 0.8390625 0.3734375 0.7661096781250001 0.334375 0.7640625 0.3369940578125 0.8390625 0.3734375 0.8390625
0 0.50625 0.778125 0.50625 0.8374638078125001 0.5541765796875 0.8366272468749999 0.5562195234375 0.778125 0.50625 0.778125
0 0.58125 0.8375 0.6379501546874999 0.8375 0.6390625 0.77377384375 0.58125 0.7734375 0.58125 0.8375