0 0.3640625 0.81640625 0.3140625 0.81640625 0.3140625 0.88515625 0.3640625 0.88515625 0.3640625 0.81640625
0 0.6453125 0.77265625 0.603125 0.77265625 0.603125 0.88046875 0.6453125 0.88046875 0.6453125 0.77265625
0 0.62578125 0.7859375 0.58671875 0.7859375 0.58671875 0.8453125 0.62578125 0.8453125 0.62578125 0.7859375
0 0.55390625 0.78515625 0.50703125 0.78515625 0.50703125 0.88359375 0.55390625 0.88359375 0.55390625 0.78515625
0 0.503125 0.715625 0.421875 0.715625 0.421875 0.8765625 0.503125 0.8765625 0.503125 0.715625
0 0.3703125 0.7625 0.3375 0.7625 0.3375 0.846875 0.3703125 0.846875 0.3703125 0.7625
0 0.3796875 0.45078125 0.3328125 0.45078125 0.3328125 0.53046875 0.3796875 0.53046875 0.3796875 0.45078125
0 0.4625 0.39140625 0.346875 0.39140625 0.346875 0.52890625 0.4625 0.52890625 0.4625 0.39140625
0 0.54453125 0.40234375 0.49921875 0.40234375 0.49921875 0.52734375 0.54453125 0.52734375 0.54453125 0.40234375
0 0.671875 0.42734375 0.6109375 0.42734375 0.6109375 0.52578125 0.671875 0.52578125 0.671875 0.42734375
0 0.6125 0.35 0.51875 0.35 0.51875 0.5234375 0.6125 0.5234375 0.6125 0.35
0 0.38828125 0.02734375 0.30859375 0.02734375 0.30859375 0.17890625 0.38828125 0.17890625 0.38828125 0.02734375
0 0.4765625 0.09140625 0.390625 0.09140625 0.390625 0.17578125 0.4765625 0.17578125 0.4765625 0.09140625
0 0.690625 0.03515625 0.59375 0.03515625 0.59375 0.17890625 0.690625 0.17890625 0.690625 0.03515625
0 0.5703125 0.06875 0.465625 0.06875 0.465625 0.1828125 0.5703125 0.1828125 0.5703125 0.06875