0 0.35625 0.025 0.284375 0.025 0.28531130625 0.1859375 0.35625 0.1830469703125 0.35625 0.025
0 0.378125 0.184375 0.450407865625 0.184375 0.453125 0.09099318125 0.378125 0.0875 0.378125 0.184375
0 0.440625 0.1828125 0.522815 0.1828125 0.525 0.057633940625000005 0.440625 0.0546875 0.440625 0.1828125
0 0.578125 0.175 0.6946018578125 0.175 0.696875 0.044771840624999996 0.578125 0.040625 0.578125 0.175
0 0.30625 0.4671875 0.30625 0.518639890625 0.35727398906249996 0.5159658375 0.3592615546875 0.4671875 0.30625 0.4671875
0 0.43125 0.51875 0.43125 0.3914285859375 0.31875 0.3875 0.3210409765625 0.51875 0.43125 0.51875
0 0.4796875 0.51875 0.52707819375 0.51875 0.5328125 0.42029577968750004 0.4796875 0.41875 0.4796875 0.51875
0 0.5875 0.409375 0.5875 0.5187166515625 0.6380178984375 0.518422746875 0.6437328499999999 0.409375 0.5875 0.409375
0 0.5833814203125 0.5234375 0.5875 0.346486540625 0.5875 0.346095921875 0.520339753125 0.343750634375 0.5203125 0.3449215390625 0.5203125 0.5234375 0.5833814203125 0.5234375
0 0.325 0.909375 0.325 0.8455685640624999 0.2625 0.84375 0.264791675 0.909375 0.325 0.909375
0 0.3453125 0.8921875 0.3453125 0.808798146875 0.3015625 0.80625 0.305565103125 0.8921875 0.3453125 0.8921875
0 0.628125 0.90625 0.628125 0.798566475 0.5796875 0.796875 0.58223323125 0.90625 0.628125 0.90625
0 0.54375 0.903125 0.54375 0.8381418093749999 0.471875 0.834375 0.475478034375 0.903125 0.54375 0.903125
0 0.415625 0.7125 0.3390625 0.7125 0.344472728125 0.8984375 0.415625 0.8947085671874999 0.415625 0.7125