0 0.359375 0.0234375 0.275 0.0234375 0.27594539687499997 0.1859375 0.359375 0.1830240734375 0.359375 0.0234375
0 0.453125 0.175 0.453125 0.07339126875 0.3734375 0.06875 0.375910496875 0.175 0.453125 0.175
0 0.434375 0.054312110937500005 0.43793212343750004 0.1765625 0.5234375 0.1765625 0.5234375 0.053793960937499996 0.5234180359375 0.053125 0.509343865625 0.053125 0.434375 0.05356115625 0.434375 0.054312110937500005
0 0.5765625 0.036216879687499995 0.5765625 0.1703125 0.5905176875 0.1703125 0.6905538890625 0.1644860546875 0.6966139078125 0.034375 0.5837830203125 0.034375 0.5766288796875 0.03479168125 0.5765625 0.036216879687499995
0 0.303125 0.5140625 0.3570191671875 0.5140625 0.359375 0.463481846875 0.303125 0.4625 0.303125 0.5140625
0 0.43125 0.515625 0.43125 0.383722996875 0.325 0.38125 0.3265635953125 0.515625 0.43125 0.515625
0 0.4890625 0.328125 0.4890625 0.50625 0.5875 0.501091109375 0.5875 0.328125 0.4890625 0.328125
0 0.475 0.5109375 0.533693303125 0.5109375 0.5390625 0.4084871125 0.475 0.40625 0.475 0.5109375
0 0.5828125 0.403125 0.5828125 0.5062360375 0.6472375312499999 0.5054863843749999 0.6484286140625 0.403125 0.5828125 0.403125
0 0.31875 0.846875 0.271875 0.846875 0.272202253125 0.903125 0.31875 0.9009570046875 0.31875 0.846875
0 0.309375 0.8046875 0.309375 0.8953125 0.346875 0.8948761484375 0.346875 0.8046875 0.309375 0.8046875
0 0.63125 0.7921875 0.584375 0.7921875 0.588194459375 0.9015625 0.63125 0.901312009375 0.63125 0.7921875
0 0.5375 0.9 0.5375 0.83672880625 0.47982536875 0.8343787453125 0.4809707921875 0.9 0.5375 0.9
0 0.346875 0.8984375 0.41114403906249997 0.8984375 0.41875 0.711773840625 0.346875 0.7109375 0.346875 0.8984375