0 0.40078125 0.1421875 0.31640625 0.1421875 0.31640625 0.2171875 0.40078125 0.2171875 0.40078125 0.1421875
0 0.48515625 0.07109375 0.39921875 0.07109375 0.39921875 0.21796875 0.48515625 0.21796875 0.48515625 0.07109375
0 0.55546875 0.14609375 0.49296875 0.14609375 0.49296875 0.21953125 0.55546875 0.21953125 0.55546875 0.14609375
0 0.7140625 0.165625 0.596875 0.165625 0.596875 0.21875 0.7140625 0.21875 0.7140625 0.165625
0 0.4078125 0.43359375 0.3265625 0.43359375 0.3265625 0.56171875 0.4078125 0.56171875 0.4078125 0.43359375
0 0.4703125 0.4921875 0.403125 0.4921875 0.403125 0.5625 0.4703125 0.5625 0.4703125 0.4921875
0 0.5875 0.36875 0.5140625 0.36875 0.5140625 0.5640625 0.5875 0.5640625 0.5875 0.36875
0 0.5453125 0.4171875 0.496875 0.4171875 0.496875 0.5609375 0.5453125 0.5609375 0.5453125 0.4171875
0 0.6671875 0.4421875 0.6015625 0.4421875 0.6015625 0.5640625 0.6671875 0.5640625 0.6671875 0.4421875
0 0.35078125 0.85234375 0.31015625 0.85234375 0.31015625 0.91484375 0.35078125 0.91484375 0.35078125 0.85234375
0 0.3734375 0.79453125 0.3296875 0.79453125 0.3296875 0.88203125 0.3734375 0.88203125 0.3734375 0.79453125
0 0.5578125 0.82109375 0.496875 0.82109375 0.496875 0.92109375 0.5578125 0.92109375 0.5578125 0.82109375
0 0.65234375 0.8109375 0.60546875 0.8109375 0.60546875 0.921875 0.65234375 0.921875 0.65234375 0.8109375
0 0.628125 0.82734375 0.5828125 0.82734375 0.5828125 0.88515625 0.628125 0.88515625 0.628125 0.82734375
0 0.434375 0.72109375 0.3609375 0.72109375 0.3609375 0.91796875 0.434375 0.91796875 0.434375 0.72109375