0 0.4359375 0.006023903125 0.359375 0.0046875 0.359375 0.16875 0.4359375 0.16875 0.4359375 0.006023903125
0 0.5265625 0.165625 0.5265625 0.05360678906250001 0.44375 0.053125 0.44505905625000003 0.165625 0.5265625 0.165625
0 0.765625 0.003125 0.6453125 0.003125 0.6485128484375 0.140625 0.765625 0.1358530453125 0.765625 0.003125
0 0.6038585999999999 0.159375 0.609375 0.0239928390625 0.609375 0.023702120312499998 0.5047230125 0.0218754125 0.5046875 0.0227469515625 0.5046875 0.159375 0.6038585999999999 0.159375
0 0.45625 0.5046875 0.45625 0.4293466625 0.403125 0.4265625 0.40676372968749996 0.5046875 0.45625 0.5046875
0 0.40625 0.3609375 0.40625 0.50625 0.5 0.5018835234375 0.5 0.3609375 0.40625 0.3609375
0 0.5005580375 0.471875 0.5008853 0.5 0.5359375 0.5 0.5359375 0.471875 0.5005580375 0.471875
0 0.65 0.3203125 0.55625 0.3203125 0.5573226625000001 0.5046875 0.65 0.50414831875 0.65 0.3203125
0 0.725 0.384375 0.6422096203125001 0.384375 0.6482692609375 0.499999828125 0.725 0.4991069859375 0.725 0.384375
0 0.3640625 0.778125 0.3656992078125 0.834375 0.415625 0.834375 0.415625 0.778125 0.3640625 0.778125
0 0.415625 0.6984375 0.415625 0.840625 0.4875 0.8385336515624999 0.4875 0.6984375 0.415625 0.6984375
0 0.540625 0.79375 0.540625 0.84998285 0.5840477468749999 0.8477071593750001 0.5843616609375 0.79375 0.540625 0.79375
0 0.6765625 0.859375 0.6765625 0.7540342828125 0.6453125 0.753125 0.64902283125 0.859375 0.6765625 0.859375
0 0.565625 0.81875 0.618974303125 0.81875 0.6203125 0.7612556625 0.565625 0.7609375 0.565625 0.81875