0 0.1734375 0 0.1734375 0.190625 0.2625 0.1890704078125 0.2625 0 0.1734375 0
0 0.278125 0.06680643124999999 0.28036808125 0.1953125 0.3640625 0.1953125 0.3640625 0.06880665 0.3640491953125 0.06804442499999999 0.278125 0.066044515625 0.278125 0.06680643124999999
0 0.5125 0.190625 0.628986321875 0.190625 0.634375 0.0583773359375 0.5125 0.05625 0.5125 0.190625
0 0.34375 0.0390625 0.34375 0.2013973859375 0.4608967328125 0.19730653125 0.46550116406250003 0.0390625 0.34375 0.0390625
0 0.2203125 0.41875 0.2203125 0.513959175 0.27368574843750004 0.5127168984375 0.278062328125 0.41875 0.2203125 0.41875
0 0.2484375 0.3895043828125 0.2484375 0.5637306625 0.34287530624999996 0.55933215 0.3498132625 0.3890625 0.24845550468750002 0.3890625 0.2484375 0.3895043828125
0 0.3191875 0.46097243125 0.31875 0.46932042812499997 0.31875 0.5108707609375001 0.35637961093750004 0.509118134375 0.3578125 0.4817769828125 0.3578125 0.4609375 0.3199374875 0.4609375 0.3191875 0.46097243125
0 0.559375 0.4296875 0.4953125 0.4296875 0.49682155000000006 0.559375 0.559375 0.5579190515625 0.559375 0.4296875
0 0.3953125 0.371875 0.3953125 0.509375 0.43738589375 0.509375 0.4421875 0.371875 0.3953125 0.371875
0 0.5046875 0.374231909375 0.41056674062500004 0.36875 0.40982646875000006 0.36875 0.4152809046875 0.5562068109375 0.41602243281250006 0.55625 0.5046875 0.55625 0.5046875 0.374231909375
0 0.2578125 0.875 0.2578125 0.8207876890625 0.2140625 0.81875 0.215044346875 0.875 0.2578125 0.875
0 0.2359375 0.7203125 0.2359375 0.8077591640625 0.27816018124999997 0.8062847156249999 0.2796608328125 0.7203125 0.2359375 0.7203125
0 0.490625 0.8703125 0.5177158140625 0.8703125 0.5203125 0.7810702171874999 0.490625 0.7796875 0.490625 0.8703125
0 0.390625 0.8171875 0.390625 0.87342035 0.44029774687499995 0.8708171109375 0.4406097546875 0.8171875 0.390625 0.8171875
0 0.3453125 0.7750685984375 0.284375 0.771875 0.284375 0.878125 0.3453125 0.878125 0.3453125 0.7750685984375
0 0.5171875 0.74375 0.48125 0.74375 0.48294147499999995 0.7921875 0.5171875 0.7909916015625 0.5171875 0.74375
0 0.42505061875 0.8015625 0.45 0.8002549578125 0.45 0.740625 0.41021038593750003 0.740625 0.4016320125 0.7410745734375 0.40233585312500003 0.8015625 0.42505061875 0.8015625