0 0.275 0.88125 0.275 0.8172619109375001 0.228125 0.815625 0.2300344921875 0.88125 0.275 0.88125
0 0.5015625 0.790625 0.5015625 0.8749828624999999 0.540714728125 0.8745272859375 0.5421792484375 0.790625 0.5015625 0.790625
0 0.40625 0.8203125 0.40625 0.8827617 0.454795296875 0.8810664609375 0.45620936093750003 0.8203125 0.40625 0.8203125
0 0.2953125 0.8828125 0.35575107968749997 0.8828125 0.3609375 0.7714579890625 0.2953125 0.7703125 0.2953125 0.8828125
0 0.29375 0.728125 0.257919165625 0.728125 0.2621771671875 0.8093725203125001 0.29375 0.8082699718749999 0.29375 0.728125
0 0.415625 0.803125 0.46989118906250005 0.803125 0.471873484375 0.7463594515625 0.415625 0.74537763125 0.415625 0.803125
0 0.240625 0.4359375 0.240625 0.5170718890625 0.2909126875 0.5150228218749999 0.2936744078125 0.4359375 0.240625 0.4359375
0 0.2625 0.55625 0.35527179375 0.55625 0.3640625 0.38851335468750003 0.2625 0.384375 0.2625 0.55625
0 0.328125 0.509375 0.3803328765625 0.509375 0.38125 0.4699716625 0.328125 0.4671875 0.328125 0.509375
0 0.4125 0.5625 0.520789878125 0.5625 0.521875 0.37598323125 0.4125 0.3734375 0.4125 0.5625
0 0.503125 0.55 0.5714788609375 0.55 0.578125 0.4231841296875 0.503125 0.421875 0.503125 0.55
0 0.4578125 0.3765625 0.4046875 0.3765625 0.411402246875 0.5046875 0.4578125 0.5027964265625 0.4578125 0.3765625
0 0.51875 0.078125 0.51875 0.20304877187499998 0.634074028125 0.20170685625 0.640550678125 0.078125 0.51875 0.078125
0 0.3625 0.053125 0.3625 0.203003053125 0.4711386375 0.2011067578125 0.4780309984375 0.053125 0.3625 0.053125
0 0.2973637015625 0.2078125 0.3796875 0.2049376890625 0.3796875 0.06875 0.29493635625 0.06875 0.294184028125 0.06877627187499999 0.29661091562499997 0.2078125 0.2973637015625 0.2078125
0 0.284375 0.2046875 0.284375 0.0038200203124999998 0.190625 0 0.1930067546875 0.2046875 0.284375 0.2046875