0 0.253125 0.8109375 0.2078125 0.8109375 0.2078125 0.875 0.253125 0.875 0.253125 0.8109375
0 0.51953125 0.7859375 0.48046875 0.7859375 0.48046875 0.86875 0.51953125 0.86875 0.51953125 0.7859375
0 0.4328125 0.8171875 0.3875 0.8171875 0.3875 0.8703125 0.4328125 0.8703125 0.4328125 0.8171875
0 0.334375 0.76875 0.271875 0.76875 0.271875 0.8734375 0.334375 0.8734375 0.334375 0.76875
0 0.2703125 0.7234375 0.2265625 0.7234375 0.2265625 0.80625 0.2703125 0.80625 0.2703125 0.7234375
0 0.44453125 0.7421875 0.39140625 0.7421875 0.39140625 0.7953125 0.44453125 0.7953125 0.44453125 0.7421875
0 0.5109375 0.74375 0.46875 0.74375 0.46875 0.7921875 0.5109375 0.7921875 0.5109375 0.74375
0 0.2671875 0.4296875 0.20625 0.4296875 0.20625 0.515625 0.2671875 0.515625 0.2671875 0.4296875
0 0.3296875 0.39375 0.2328125 0.39375 0.2328125 0.5625 0.3296875 0.5625 0.3296875 0.39375
0 0.3453125 0.46875 0.30625 0.46875 0.30625 0.5109375 0.3453125 0.5109375 0.3453125 0.46875
0 0.5453125 0.425 0.484375 0.425 0.484375 0.5453125 0.5453125 0.5453125 0.5453125 0.425
0 0.43203125 0.36875 0.38203125 0.36875 0.38203125 0.509375 0.43203125 0.509375 0.43203125 0.36875
0 0.48828125 0.36953125 0.40078125 0.36953125 0.40078125 0.55234375 0.48828125 0.55234375 0.48828125 0.36953125
0 0.6140625 0.05234375 0.5046875 0.05234375 0.5046875 0.19765625 0.6140625 0.19765625 0.6140625 0.05234375
0 0.4328125 0.04375 0.328125 0.04375 0.328125 0.190625 0.4328125 0.190625 0.4328125 0.04375
0 0.34453125 0.06875 0.26953125 0.06875 0.26953125 0.190625 0.34453125 0.190625 0.34453125 0.06875
0 0.1609375 0 0.1609375 0.190625 0.25 0.190625 0.25 0 0.1609375 0