0 0.2734375 0.9 0.31630383906250004 0.9 0.31875 0.8299511203125001 0.2734375 0.8296875 0.2734375 0.9
0 0.578125 0.778125 0.582271840625 0.896875 0.621875 0.896875 0.621875 0.778125 0.578125 0.778125
0 0.475 0.8234375 0.475 0.893740478125 0.5343009578125 0.8933954765625 0.5359292484375 0.8234375 0.475 0.8234375
0 0.3375 0.7109375 0.3375 0.8951875453125 0.4142613796875 0.8942943453125001 0.42494069999999995 0.7109375 0.3375 0.7109375
0 0.30625 0.8828125 0.34487694375 0.8828125 0.346875 0.7969678421874999 0.30625 0.7953125 0.30625 0.8828125
0 0.3578125 0.468305715625 0.29375 0.4671875 0.29375 0.5171875 0.3578125 0.5171875 0.3578125 0.468305715625
0 0.309375 0.515625 0.42506171875 0.515625 0.428125 0.3840139375 0.309375 0.38125 0.309375 0.515625
0 0.53125 0.4046875 0.475 0.4046875 0.47623633125 0.5109375 0.53125 0.5099772328125 0.53125 0.4046875
0 0.64375 0.3953125 0.58125 0.3953125 0.584523415625 0.5078125 0.64375 0.50436294375 0.64375 0.3953125
0 0.4828125 0.3234375 0.4828125 0.5171875 0.578125 0.5127482484375 0.578125 0.3234375 0.4828125 0.3234375
0 0.6875 0.1703125 0.6875 0.0383433703125 0.56875 0.0328125 0.575154165625 0.1703125 0.6875 0.1703125
0 0.51875 0.178125 0.51875 0.0423975671875 0.417224121875 0.0406254265625 0.417224121875 0.178125 0.51875 0.178125
0 0.4390625 0.0703125 0.3640625 0.0703125 0.3659171 0.1765625 0.4390625 0.1744341875 0.4390625 0.0703125
0 0.353125 0.0203125 0.2734375 0.0203125 0.28024986875 0.1875 0.353125 0.1841057859375 0.353125 0.0203125