0 0.328125 0.178125 0.3961608046875 0.178125 0.3984375 0.047693159375 0.328125 0.046875 0.328125 0.178125
0 0.4921875 0.109375 0.409375 0.109375 0.4109751734375 0.178125 0.4921875 0.1776525203125 0.4921875 0.109375
0 0.490625 0.0875 0.490625 0.1841122046875 0.582987975 0.1787326734375 0.5872372046875001 0.0875 0.490625 0.0875
0 0.603125 0.0390625 0.6073076984375 0.1828125 0.7015625 0.1828125 0.7015625 0.0390625 0.603125 0.0390625
0 0.606726371875 0.434391853125 0.60625 0.44803335625 0.60625 0.5311992015625 0.6712550078125 0.52968619375 0.6734375 0.467187803125 0.6734375 0.434375 0.6074504515625 0.434375 0.606726371875 0.434391853125
0 0.5640625 0.4046875 0.50625 0.4046875 0.5093776125 0.5390625 0.5640625 0.5358774671875 0.5640625 0.4046875
0 0.3859375 0.4453125 0.3328125 0.4453125 0.33423072343750004 0.5265625 0.3859375 0.5235509234375 0.3859375 0.4453125
0 0.6125 0.53125 0.6125 0.355853184375 0.534375 0.353125 0.5405952625 0.53125 0.6125 0.53125
0 0.4703125 0.3984375 0.3625 0.3984375 0.3696241828125 0.534375 0.4703125 0.529685365625 0.4703125 0.3984375
0 0.365625 0.8859375 0.365625 0.819059071875 0.3125 0.81875 0.31289088593750003 0.8859375 0.365625 0.8859375
0 0.378125 0.76875 0.334375 0.76875 0.3383055828125 0.84375 0.378125 0.842359475 0.378125 0.76875
0 0.5078125 0.79375 0.5078125 0.8921675062500001 0.5535420765625 0.8913692937500001 0.5546779796875 0.79375 0.5078125 0.79375
0 0.4296875 0.7140625 0.43787621562499995 0.8703125 0.503125 0.8703125 0.503125 0.7140625 0.4296875 0.7140625
0 0.653125 0.7921875 0.6140625 0.7921875 0.6179461875000001 0.8875 0.653125 0.8860665734375001 0.653125 0.7921875
0 0.6375 0.803125 0.5860107718750001 0.803125 0.5868289484375 0.8499982953125 0.6375 0.8482288234375 0.6375 0.803125