0 0.34375 0.8390625 0.29852123124999996 0.8390625 0.29932118281250003 0.9078102265625001 0.34375 0.905999890625 0.34375 0.8390625
0 0.6242264625 0.9091295609375001 0.628125 0.7974900359375 0.628125 0.796875 0.5860276328125 0.796875 0.5859375 0.7994560749999999 0.5859375 0.9093523187500001 0.6242264625 0.9091295609375001
0 0.6153485765625 0.8678553578124999 0.615625 0.8203420640625 0.615625 0.8203125 0.5734808953125 0.8203125 0.5734375 0.827771428125 0.5734375 0.8702964 0.6153485765625 0.8678553578124999
0 0.5369444359375 0.9078125 0.5375 0.8123189578125001 0.5375 0.8115896390625 0.48750424218750005 0.8098437484375 0.4875 0.8105729187499999 0.4875 0.9078125 0.5369444359375 0.9078125
0 0.3796875 0.6949306671875 0.3857908 0.9046875 0.4421875 0.9046875 0.4421875 0.6956579203125 0.44216528125 0.6948943109375 0.3796875 0.694167315625 0.3796875 0.6949306671875
0 0.3578125 0.871875 0.3578125 0.7816681703125 0.321875 0.78125 0.32556768593749996 0.871875 0.3578125 0.871875
0 0.309375 0.55 0.3652540765625 0.55 0.3703125 0.45347952343750003 0.309375 0.453125 0.309375 0.55
0 0.366084559375 0.4219006765625 0.365625 0.44822881875 0.365625 0.54684053125 0.41932547031249995 0.5449652703125001 0.4203125 0.48841836875 0.4203125 0.421875 0.366819840625 0.421875 0.366084559375 0.4219006765625
0 0.475 0.55625 0.5449409171874999 0.55625 0.553125 0.3553982046875 0.475 0.353125 0.475 0.55625
0 0.55 0.434375 0.55 0.553125 0.6076613078124999 0.553125 0.6125 0.434375 0.55 0.434375
0 0.5828125 0.2046875 0.6725712015624999 0.2046875 0.6734375 0.0557834265625 0.5828125 0.0515625 0.5828125 0.2046875
0 0.55625 0.0125 0.48125 0.0125 0.48579594843749996 0.2078125 0.55625 0.2065827203125 0.55625 0.0125
0 0.465625 0.2046875 0.465625 0.0523641328125 0.384375 0.05 0.3906780328125 0.2046875 0.465625 0.2046875
0 0.2875 0.029315475 0.2875 0.1984375 0.301289946875 0.1984375 0.36294930000000003 0.19520607031249998 0.3717056484375 0.028125 0.2960573796875 0.028125 0.28753899375 0.0285714296875 0.2875 0.029315475