0 0.275 0.81484375 0.228125 0.81484375 0.228125 0.88203125 0.275 0.88203125 0.275 0.81484375
0 0.5421875 0.78984375 0.5015625 0.78984375 0.5015625 0.87578125 0.5421875 0.87578125 0.5421875 0.78984375
0 0.45546875 0.82109375 0.40703125 0.82109375 0.40703125 0.88359375 0.45546875 0.88359375 0.45546875 0.82109375
0 0.3609375 0.77109375 0.2953125 0.77109375 0.2953125 0.88359375 0.3609375 0.88359375 0.3609375 0.77109375
0 0.29453125 0.72890625 0.25703125 0.72890625 0.25703125 0.81015625 0.29453125 0.81015625 0.29453125 0.72890625
0 0.471875 0.74453125 0.415625 0.74453125 0.415625 0.80390625 0.471875 0.80390625 0.471875 0.74453125
0 0.29453125 0.4359375 0.23984375 0.4359375 0.23984375 0.5171875 0.29453125 0.5171875 0.29453125 0.4359375
0 0.3640625 0.38515625 0.2625 0.38515625 0.2625 0.55703125 0.3640625 0.55703125 0.3640625 0.38515625
0 0.38125 0.4671875 0.328125 0.4671875 0.328125 0.509375 0.38125 0.509375 0.38125 0.4671875
0 0.52265625 0.3734375 0.41171875 0.3734375 0.41171875 0.5625 0.52265625 0.5625 0.52265625 0.3734375
0 0.578125 0.42265625 0.503125 0.42265625 0.503125 0.55078125 0.578125 0.55078125 0.578125 0.42265625
0 0.4578125 0.37734375 0.4046875 0.37734375 0.4046875 0.50546875 0.4578125 0.50546875 0.4578125 0.37734375
0 0.64140625 0.07734375 0.51953125 0.07734375 0.51953125 0.20390625 0.64140625 0.20390625 0.64140625 0.07734375
0 0.478125 0.05390625 0.3625 0.05390625 0.3625 0.20234375 0.478125 0.20234375 0.478125 0.05390625
0 0.38046875 0.06875 0.29453125 0.06875 0.29453125 0.2078125 0.38046875 0.2078125 0.38046875 0.06875
0 0.190625 0 0.190625 0.2046875 0.284375 0.2046875 0.284375 0 0.190625 0