0 0.4484375 0.85625 0.446875 0.8546875 0.4453125 0.8546875 0.44375 0.853125 0.44375 0.8515625 0.4375 0.8453125 0.4375 0.840625 0.4359375 0.8390625 0.4359375 0.8296875 0.434375 0.828125 0.434375 0.8234375 0.4359375 0.821875 0.4328125 0.81875 0.4328125 0.815625 0.43125 0.8140625 0.43125 0.8015625 0.4296875 0.8 0.4296875 0.7734375 0.428125 0.771875 0.428125 0.76875 0.4296875 0.7671875 0.4296875 0.7640625 0.4328125 0.7609375 0.4390625 0.7609375 0.44375 0.765625 0.44375 0.76875 0.4453125 0.7703125 0.4453125 0.790625 0.45 0.7953125 0.45 0.796875 0.4515625 0.7984375 0.4515625 0.8015625 0.453125 0.8015625 0.453125 0.7953125 0.4546875 0.79375 0.4546875 0.790625 0.45625 0.7890625 0.45625 0.7796875 0.4546875 0.778125 0.4546875 0.771875 0.4578125 0.76875 0.459375 0.76875 0.4609375 0.7703125 0.4625 0.7703125 0.4640625 0.771875 0.4640625 0.778125 0.46875 0.7828125 0.471875 0.7828125 0.4734375 0.784375 0.4734375 0.7859375 0.475 0.7875 0.475 0.7890625 0.478125 0.7921875 0.478125 0.703125 0.403125 0.703125 0.403125 0.8890625 0.478125 0.8890625 0.478125 0.85625 0.459375 0.85625 0.4578125 0.8578125 0.4515625 0.8578125 0.45 0.85625 0.4484375 0.85625
0 0.4890625 0.0015625 0.4890625 0.20625 0.584375 0.20625 0.584375 0.0015625 0.4890625 0.0015625
0 0.62890625 0.17890625 0.0578125 0.053125
0 0.440625 0.15 0.075 0.11171875
0 0.36015625 0.17734375 0.04609375 0.0546875
0 0.37109375 0.4890625 0.06015625 0.1109375
0 0.440625 0.48828125 0.06640625 0.11484375
0 0.565625 0.4484375 0.10234375 0.196875
0 0.6484375 0.44453125 0.05546875 0.196875
0 0.33359375 0.82109375 0.08359375 0.1421875
0 0.528125 0.80390625 0.0796875 0.1765625
0 0.6109375 0.803125 0.10859375 0.1734375
0 0.4453125 0.81171875 0.07421875 0.10078125
0 0.540625 0.825 0.0578125 0.06640625
0 0.615625 0.83046875 0.0390625 0.0578125
0 0.3703125 0.81328125 0.03671875 0.09296875