0 0.2703125 0.0015625 0.184375 0.0015625 0.1867385734375 0.2046875 0.2703125 0.19981987343750002 0.2703125 0.0015625
0 0.284375 0.20625 0.3747912015625 0.20625 0.38125 0.06757700312500001 0.284375 0.0625 0.284375 0.20625
0 0.4734375 0.051987159375 0.3636773796875 0.046875 0.36290796406250003 0.046875 0.36639841875 0.196839125 0.36716866875 0.196875 0.4734375 0.196875 0.4734375 0.051987159375
0 0.646875 0.2109375 0.646875 0.07360616875 0.5078125 0.06875 0.513606196875 0.2109375 0.646875 0.2109375
0 0.2828125 0.434375 0.221875 0.434375 0.22531301718750002 0.51875 0.2828125 0.5157365796875 0.2828125 0.434375
0 0.34375 0.5640625 0.34375 0.3901170171875 0.253125 0.3890625 0.25719817031250003 0.5640625 0.34375 0.5640625
0 0.44375 0.5125 0.44375 0.369295440625 0.396875 0.36875 0.4027323640625 0.5125 0.44375 0.5125
0 0.4015625 0.5609375 0.49872551875 0.5609375 0.503125 0.37191785 0.4015625 0.3671875 0.4015625 0.5609375
0 0.3578125 0.4734375 0.3171875 0.4734375 0.3192979640625 0.51875 0.3578125 0.5180777265625001 0.3578125 0.4734375
0 0.5565080171875 0.5546875 0.559375 0.431510271875 0.559375 0.43079010625 0.4968917484375 0.4286081421875 0.496875 0.42932772343750003 0.496875 0.5546875 0.5565080171875 0.5546875
0 0.2625 0.8046875 0.2203125 0.8046875 0.221430715625 0.86875 0.2625 0.8665976499999999 0.2625 0.8046875
0 0.28125 0.8 0.28125 0.7230111484374999 0.242234375 0.721875909375 0.24359803593749998 0.8 0.28125 0.8
0 0.284375 0.7609375 0.284375 0.868603890625 0.3468629765625 0.8656934671875 0.3499110640625 0.7609375 0.284375 0.7609375
0 0.3953125 0.8109375 0.3953125 0.87030848125 0.441496609375 0.8700397890625 0.4421843265625 0.8109375 0.3953125 0.8109375
0 0.4890625 0.765625 0.4890625 0.8717886203124999 0.5216138265625 0.8712204343750001 0.5265320124999999 0.765625 0.4890625 0.765625
0 0.403125 0.796875 0.4485019390625 0.796875 0.4515625 0.7384760015625 0.403125 0.7359375 0.403125 0.796875