0 0.35625 0.18125 0.43197068749999995 0.18125 0.440625 0.0161158796875 0.35625 0.015625 0.35625 0.18125
0 0.528125 0.165625 0.528125 0.0482386765625 0.45 0.046875 0.4506908671875 0.165625 0.528125 0.165625
0 0.65 0 0.65 0.146875 0.7636210125 0.146875 0.76875 0 0.65 0
0 0.621875 0.0234375 0.5140625 0.0234375 0.5196651953125 0.1609375 0.621875 0.1549844578125 0.621875 0.0234375
0 0.4 0.503125 0.4580899921875 0.503125 0.459375 0.42950696875 0.4 0.428125 0.4 0.503125
0 0.4984375 0.5 0.4984375 0.3726336875 0.403125 0.36875 0.406179878125 0.5 0.4984375 0.5
0 0.5240576109374999 0.5046875 0.525 0.47229969531249993 0.525 0.4706210140625 0.498583984375 0.4703136359375 0.4984375 0.47534797500000003 0.4984375 0.5046875 0.5240576109374999 0.5046875
0 0.5453125 0.5078125 0.651725375 0.5078125 0.659375 0.3200772375 0.5453125 0.31875 0.5453125 0.5078125
0 0.721598871875 0.5010896734375 0.7249494578125 0.3859375 0.6557841265625 0.3859375 0.6547129265625 0.38596866875 0.6546875 0.38684252343750003 0.6546875 0.5030365953125 0.721598871875 0.5010896734375
0 0.56875 0.50625 0.6117630421875 0.50625 0.6140625 0.37451415312499997 0.56875 0.371875 0.56875 0.50625
0 0.4140625 0.775 0.365625 0.775 0.3682990140625 0.840625 0.4140625 0.839026903125 0.4140625 0.775
0 0.4859375 0.840625 0.4859375 0.6972658859374999 0.41875 0.696875 0.42209581875 0.840625 0.4859375 0.840625
0 0.54375 0.79375 0.54375 0.8593616703125001 0.5910420109375 0.858811378125 0.5921776624999999 0.79375 0.54375 0.79375
0 0.64375 0.8625 0.6816133109375 0.8625 0.6828116203125 0.75951758125 0.64375 0.75792594375 0.64375 0.8625
0 0.565625 0.765625 0.565625 0.8249839187499999 0.62049303125 0.824345471875 0.621859765625 0.765625 0.565625 0.765625