0 0.4375 0.00234375 0.359375 0.00234375 0.359375 0.17421875 0.4375 0.17421875 0.4375 0.00234375
0 0.528125 0.05 0.453125 0.05 0.453125 0.1671875 0.528125 0.1671875 0.528125 0.05
0 0.76328125 0.00234375 0.65234375 0.00234375 0.65234375 0.14296875 0.76328125 0.14296875 0.76328125 0.00234375
0 0.62109375 0.01015625 0.51640625 0.01015625 0.51640625 0.15390625 0.62109375 0.15390625 0.62109375 0.01015625
0 0.465625 0.43984375 0.40625 0.43984375 0.40625 0.50390625 0.465625 0.50390625 0.465625 0.43984375
0 0.50625 0.36015625 0.4109375 0.36015625 0.4109375 0.50546875 0.50625 0.50546875 0.50625 0.36015625
0 0.6203125 0.36015625 0.56875 0.36015625 0.56875 0.50390625 0.6203125 0.50390625 0.6203125 0.36015625
0 0.73125 0.38515625 0.65625 0.38515625 0.65625 0.50234375 0.73125 0.50234375 0.73125 0.38515625
0 0.66015625 0.30859375 0.57734375 0.30859375 0.57734375 0.50234375 0.66015625 0.50234375 0.66015625 0.30859375
0 0.4203125 0.7671875 0.371875 0.7671875 0.371875 0.8421875 0.4203125 0.8421875 0.4203125 0.7671875
0 0.5 0.6828125 0.421875 0.6828125 0.421875 0.84375 0.5 0.84375 0.5 0.6828125
0 0.59765625 0.77734375 0.55390625 0.77734375 0.55390625 0.85546875 0.59765625 0.85546875 0.59765625 0.77734375
0 0.69375 0.759375 0.6453125 0.759375 0.6453125 0.865625 0.69375 0.865625 0.69375 0.759375
0 0.63125 0.7609375 0.5796875 0.7609375 0.5796875 0.8234375 0.63125 0.8234375 0.63125 0.7609375