0 0.315625 0.178125 0.38804111875 0.178125 0.3890625 0.0025644937499999998 0.315625 0 0.315625 0.178125
0 0.403125 0.0574324625 0.403125 0.1734375 0.4307803734375 0.1734375 0.4845739 0.17124558125 0.4859119953125 0.05625 0.41349778906249995 0.05625 0.40313384531249996 0.056672298437500004 0.403125 0.0574324625
0 0.475 0.171875 0.5694445921875 0.171875 0.571875 0.032637025 0.475 0.028125 0.475 0.171875
0 0.603125 0.1703125 0.7267729875 0.1703125 0.734375 0.039790976562500004 0.603125 0.0375 0.603125 0.1703125
0 0.334375 0.525 0.386579759375 0.525 0.3875 0.445914678125 0.334375 0.44375 0.334375 0.525
0 0.46875 0.5203125 0.46875 0.38577035625 0.3578125 0.38125 0.3594306390625 0.5203125 0.46875 0.5203125
0 0.552384709375 0.521875 0.553125 0.39462980625 0.553125 0.3894635140625 0.5110276453125 0.3875027984375 0.5109375 0.40299747343750003 0.5109375 0.521875 0.552384709375 0.521875
0 0.615625 0.5203125 0.6761530734375001 0.5203125 0.678125 0.40734094218749994 0.615625 0.40625 0.615625 0.5203125
0 0.61875 0.34375 0.540625 0.34375 0.545853371875 0.5234375 0.61875 0.5230134 0.61875 0.34375
0 0.3703125 0.878125 0.3703125 0.8151391531250001 0.325 0.8125 0.32805653281249997 0.878125 0.3703125 0.878125
0 0.38125 0.7625 0.33597791875 0.7625 0.33829657812499997 0.8421871859375001 0.38125 0.841687378125 0.38125 0.7625
0 0.5625 0.88125 0.5625 0.778434071875 0.509375 0.778125 0.511175053125 0.88125 0.5625 0.88125
0 0.609375 0.76875 0.609375 0.873338215625 0.653813371875 0.871527490625 0.65620554375 0.76875 0.609375 0.76875
0 0.596875 0.8375 0.634092996875 0.8375 0.634375 0.7890280078125 0.596875 0.7875 0.596875 0.8375
0 0.396875 0.8765625 0.45216034531249993 0.8765625 0.459375 0.7216609843749999 0.396875 0.71875 0.396875 0.8765625