0 0.31875 0.8296875 0.2734375 0.8296875 0.2734375 0.9 0.31875 0.9 0.31875 0.8296875
0 0.621875 0.77734375 0.578125 0.77734375 0.578125 0.89765625 0.621875 0.89765625 0.621875 0.77734375
0 0.5359375 0.8234375 0.475 0.8234375 0.475 0.89375 0.5359375 0.89375 0.5359375 0.8234375
0 0.425 0.7109375 0.3375 0.7109375 0.3375 0.8953125 0.425 0.8953125 0.425 0.7109375
0 0.346875 0.79609375 0.30625 0.79609375 0.30625 0.88359375 0.346875 0.88359375 0.346875 0.79609375
0 0.3578125 0.4671875 0.29375 0.4671875 0.29375 0.5171875 0.3578125 0.5171875 0.3578125 0.4671875
0 0.428125 0.38125 0.309375 0.38125 0.309375 0.515625 0.428125 0.515625 0.428125 0.38125
0 0.53203125 0.4046875 0.47421875 0.4046875 0.47421875 0.5109375 0.53203125 0.5109375 0.53203125 0.4046875
0 0.64375 0.39609375 0.58125 0.39609375 0.58125 0.50859375 0.64375 0.50859375 0.64375 0.39609375
0 0.578125 0.3234375 0.4828125 0.3234375 0.4828125 0.5171875 0.578125 0.5171875 0.578125 0.3234375
0 0.68671875 0.03359375 0.56953125 0.03359375 0.56953125 0.17109375 0.68671875 0.17109375 0.68671875 0.03359375
0 0.51953125 0.03984375 0.41640625 0.03984375 0.41640625 0.17890625 0.51953125 0.17890625 0.51953125 0.03984375
0 0.4390625 0.07109375 0.3640625 0.07109375 0.3640625 0.17734375 0.4390625 0.17734375 0.4390625 0.07109375
0 0.353125 0.0203125 0.2734375 0.0203125 0.2734375 0.1875 0.353125 0.1875 0.353125 0.0203125