0 0.1421875 0 0.1489533984375 0.19375 0.23125 0.1923135078125 0.23125 0 0.1421875 0
0 0.25 0.0515625 0.2581904734375 0.1921875 0.3421875 0.1921875 0.3421875 0.0515625 0.25 0.0515625
0 0.4328125 0.1890625 0.4328125 0.03877269375 0.3234375 0.0375 0.32784751875 0.1890625 0.4328125 0.1890625
0 0.478125 0.1921875 0.6014219140625 0.1921875 0.603125 0.045824628125 0.478125 0.0421875 0.478125 0.1921875
0 0.2578125 0.43158320000000006 0.1984375 0.428125 0.1984375 0.51875 0.2578125 0.51875 0.2578125 0.43158320000000006
0 0.2296875 0.403125 0.2296875 0.5560632171875 0.3167484765625 0.5515005453125 0.3202019546875 0.403125 0.2296875 0.403125
0 0.3375 0.46875 0.3015625 0.46875 0.3032178421875 0.509375 0.3375 0.507978109375 0.3375 0.46875
0 0.540625 0.5484375 0.540625 0.43121493906249997 0.475 0.4296875 0.4798386921875 0.5484375 0.540625 0.5484375
0 0.421875 0.38125 0.371875 0.38125 0.37336586875 0.509375 0.421875 0.5085282703125 0.421875 0.38125
0 0.3953125 0.375 0.3953125 0.55922510625 0.47646922187499996 0.555445171875 0.4796189046875 0.375 0.3953125 0.375
0 0.1953125 0.815625 0.1953125 0.88123444375 0.2418057046875 0.879339990625 0.24217638749999998 0.815625 0.1953125 0.815625
0 0.2171875 0.8046875 0.26317883750000004 0.8046875 0.2640625 0.7287457374999999 0.2171875 0.7265625 0.2171875 0.8046875
0 0.33125 0.8765625 0.33125 0.7702774390625 0.265625 0.76875 0.2681343640625 0.8765625 0.33125 0.8765625
0 0.384375 0.7359375 0.384375 0.796875 0.434375 0.796293196875 0.434375 0.7359375 0.384375 0.7359375
0 0.4234375 0.8171875 0.378125 0.8171875 0.3800347296875 0.871875 0.4234375 0.870864790625 0.4234375 0.8171875
0 0.4703125 0.7762492546875001 0.4703125 0.86705691875 0.5025106312500001 0.865932534375 0.5062158484375 0.775 0.470363403125 0.775 0.4703125 0.7762492546875001