0 0.365625 0.81328125 0.3203125 0.81328125 0.3203125 0.88203125 0.365625 0.88203125 0.365625 0.81328125
0 0.56796875 0.775 0.50859375 0.775 0.50859375 0.8765625 0.56796875 0.8765625 0.56796875 0.775
0 0.3828125 0.7609375 0.3390625 0.7609375 0.3390625 0.84375 0.3828125 0.84375 0.3828125 0.7609375
0 0.65234375 0.77109375 0.61796875 0.77109375 0.61796875 0.88046875 0.65234375 0.88046875 0.65234375 0.77109375
0 0.4625 0.71875 0.3953125 0.71875 0.3953125 0.871875 0.4625 0.871875 0.4625 0.71875
0 0.640625 0.78359375 0.590625 0.78359375 0.590625 0.83515625 0.640625 0.83515625 0.640625 0.78359375
0 0.390625 0.44375 0.3265625 0.44375 0.3265625 0.521875 0.390625 0.521875 0.390625 0.44375
0 0.4703125 0.37734375 0.359375 0.37734375 0.359375 0.52421875 0.4703125 0.52421875 0.4703125 0.37734375
0 0.5609375 0.38359375 0.50625 0.38359375 0.50625 0.52109375 0.5609375 0.52109375 0.5609375 0.38359375
0 0.678125 0.40703125 0.6125 0.40703125 0.6125 0.52578125 0.678125 0.52578125 0.678125 0.40703125
0 0.621875 0.3375 0.534375 0.3375 0.534375 0.5234375 0.621875 0.5234375 0.621875 0.3375
0 0.728125 0.040625 0.5984375 0.040625 0.5984375 0.171875 0.728125 0.171875 0.728125 0.040625
0 0.571875 0.02734375 0.459375 0.02734375 0.459375 0.17265625 0.571875 0.17265625 0.571875 0.02734375
0 0.484375 0.06328125 0.3921875 0.06328125 0.3921875 0.17421875 0.484375 0.17421875 0.484375 0.06328125
0 0.39296875 0.00078125 0.32109375 0.00078125 0.32109375 0.17578125 0.39296875 0.17578125 0.39296875 0.00078125