0 0.3890625 0.025 0.315625 0.025 0.3210813703125 0.18125 0.3890625 0.180063384375 0.3890625 0.025
0 0.48125 0.0953125 0.4015625 0.0953125 0.4046180671875 0.1828125 0.48125 0.178796390625 0.48125 0.0953125
0 0.475 0.0515625 0.475 0.1764947828125 0.5689655921875 0.174307709375 0.57182251875 0.0515625 0.475 0.0515625
0 0.7 0.028125 0.59375 0.028125 0.6016111671875 0.178125 0.7 0.1741159625 0.7 0.028125
0 0.38125 0.44662173281250006 0.325 0.4453125 0.325 0.5234375 0.38125 0.5234375 0.38125 0.44662173281250006
0 0.353125 0.3890625 0.3563980828125 0.5296875 0.459375 0.5296875 0.459375 0.3890625 0.353125 0.3890625
0 0.503125 0.403125 0.503125 0.527785909375 0.5488655312499999 0.5251218265625 0.554547625 0.403125 0.503125 0.403125
0 0.6671875 0.525 0.6671875 0.432736515625 0.6093753734375 0.4297067109375 0.612148125 0.525 0.6671875 0.525
0 0.601372721875 0.5234375 0.609375 0.35162539531250003 0.609375 0.350426921875 0.5361049125 0.35000065 0.5359375 0.3535950625 0.5359375 0.5234375 0.601372721875 0.5234375
0 0.3640625 0.81875 0.3140625 0.81875 0.3171190328125 0.884375 0.3640625 0.8832823796874999 0.3640625 0.81875
0 0.3375 0.8453125 0.3712462078125 0.8453125 0.375 0.764717065625 0.3375 0.7640625 0.3375 0.8453125
0 0.60625 0.878125 0.6443060875 0.878125 0.646875 0.7677540656249999 0.60625 0.765625 0.60625 0.878125
0 0.63125 0.7859375 0.590625 0.7859375 0.591897865625 0.840625 0.63125 0.8387921453124999 0.63125 0.7859375
0 0.5046875 0.7890625 0.5046875 0.8827648859374999 0.5535221531250001 0.8819124734375 0.5562238125000001 0.7890625 0.5046875 0.7890625
0 0.4203125 0.875 0.496347146875 0.875 0.503125 0.708659596875 0.4203125 0.70625 0.4203125 0.875