0 0.39893485625 0.2109375 0.4015625 0.14645051250000002 0.4015625 0.14572590000000002 0.3156545046875 0.144226371875 0.315625 0.14495046875 0.315625 0.2109375 0.39893485625 0.2109375
0 0.4078125 0.08125 0.4078125 0.2139950453125 0.48519805156249995 0.21264427656249998 0.489021234375 0.08125 0.4078125 0.08125
0 0.4859375 0.1454259359375 0.4859375 0.2171381078125 0.5613803046875 0.2162602515625 0.5656035453125 0.14375 0.48603511250000003 0.14375 0.4859375 0.1454259359375
0 0.59375 0.1734375 0.59375 0.2171148609375 0.7294673234375 0.21158480468750002 0.7310217078125001 0.1734375 0.59375 0.1734375
0 0.38125 0.4609375 0.321875 0.4609375 0.3224658734375 0.5625 0.38125 0.56010473125 0.38125 0.4609375
0 0.3453125 0.5609375 0.4555217984375 0.5609375 0.45625 0.43577035625000005 0.3453125 0.43125 0.3453125 0.5609375
0 0.590625 0.371875 0.521875 0.371875 0.5264573171875 0.56875 0.590625 0.5683766828125 0.590625 0.371875
0 0.496875 0.5640625 0.5529321796875 0.5640625 0.55625 0.421515434375 0.496875 0.41875 0.496875 0.5640625
0 0.66875 0.5625 0.66875 0.44727497656250004 0.6 0.446875 0.6053853203124999 0.5625 0.66875 0.5625
0 0.346875 0.8515625 0.3046875 0.8515625 0.305451115625 0.9171875 0.346875 0.916705490625 0.346875 0.8515625
0 0.325 0.7953125 0.325 0.8859375 0.3707790734375 0.8859375 0.375 0.7953125 0.325 0.7953125
0 0.64375 0.8140625 0.603125 0.8140625 0.6050341484375 0.9234375 0.64375 0.9214084890625 0.64375 0.8140625
0 0.5015625 0.821875 0.5015625 0.9247552593749999 0.555172978125 0.9216328046875001 0.559237796875 0.821875 0.5015625 0.821875
0 0.3625 0.728125 0.3625 0.9154980171875 0.44407338906250005 0.9131244734375 0.44837930000000004 0.728125 0.3625 0.728125
0 0.6328125 0.8328125 0.5828125 0.8328125 0.583394303125 0.8828125 0.6328125 0.8816622796875 0.6328125 0.8328125