0 0.26875 0.1875 0.350953275 0.1875 0.3546875 0.027062470312499996 0.26875 0.0265625 0.26875 0.1875
0 0.4390625 0.0875 0.359375 0.0875 0.3622392390625 0.1859375 0.4390625 0.1823594 0.4390625 0.0875
0 0.428125 0.05625 0.428125 0.1857616921875 0.5080715625 0.183900915625 0.5155063828124999 0.05625 0.428125 0.05625
0 0.690625 0.1875 0.690625 0.0473404015625 0.5673177093749999 0.0437525265625 0.5673177093749999 0.1875 0.690625 0.1875
0 0.311050415625 0.53125 0.359375 0.5306876921875 0.359375 0.4796875 0.312546975 0.4796875 0.306252559375 0.4797607421875 0.308950996875 0.53125 0.311050415625 0.53125
0 0.428125 0.3890625 0.315625 0.3890625 0.322029165625 0.5265625 0.428125 0.5222394265625 0.428125 0.3890625
0 0.5328125 0.428125 0.4765625 0.428125 0.479472203125 0.528125 0.5328125 0.5259515484375 0.5328125 0.428125
0 0.584375 0.41875 0.584375 0.5279582125 0.6436925125 0.5248495140625 0.64677969375 0.41875 0.584375 0.41875
0 0.5875 0.3453125 0.50625 0.3453125 0.5146918546875 0.5265625 0.5875 0.5227467859375 0.5875 0.3453125
0 0.2671875 0.846875 0.2671875 0.9061775734375 0.3187632875 0.904977134375 0.32180829218749996 0.846875 0.2671875 0.846875
0 0.296875 0.896875 0.3492632046875 0.896875 0.3515625 0.8178533453125001 0.296875 0.815625 0.296875 0.896875
0 0.428125 0.9109375 0.428125 0.7212579296875 0.346875 0.7203125 0.35686523281250004 0.9109375 0.428125 0.9109375
0 0.5375 0.8359375 0.486010771875 0.8359375 0.486937990625 0.9156224406250001 0.5375 0.9129725984375 0.5375 0.8359375
0 0.634375 0.915625 0.634375 0.8111747484375 0.5828857421875 0.8093767046875 0.5853587 0.915625 0.634375 0.915625