0 0.26875 0.1875 0.35105813750000003 0.1875 0.3546875 0.031567789062500004 0.26875 0.0265625 0.26875 0.1875
0 0.359375 0.0875 0.359375 0.1856972203125 0.433903609375 0.1822259953125 0.4388679890625 0.0875 0.359375 0.0875
0 0.428125 0.05625 0.428125 0.1858935546875 0.5148705 0.1808412046875 0.51559535 0.05625 0.428125 0.05625
0 0.565625 0.1875 0.686632915625 0.1875 0.690625 0.050300971875 0.565625 0.04375 0.565625 0.1875
0 0.359375 0.53125 0.359375 0.47998016562499995 0.30625 0.478125 0.3071773 0.53125 0.359375 0.53125
0 0.315625 0.5265625 0.42276254375000005 0.5265625 0.428125 0.394958375 0.315625 0.3890625 0.315625 0.5265625
0 0.5328125 0.528125 0.5328125 0.42877952812500003 0.4765625 0.428125 0.4788900265625 0.528125 0.5328125 0.528125
0 0.584375 0.528125 0.6437136734375 0.528125 0.646875 0.419477253125 0.584375 0.41875 0.584375 0.528125
0 0.5875 0.5265625 0.5875 0.3457851984375 0.50625 0.3453125 0.50730448125 0.5265625 0.5875 0.5265625
0 0.321875 0.90625 0.321875 0.8510496796875 0.2671882578125 0.8485026046874999 0.2681962421875 0.90625 0.321875 0.90625
0 0.296875 0.815625 0.296875 0.8968502453125 0.35014427656249997 0.8959204265625 0.3515458375 0.815625 0.296875 0.815625
0 0.428125 0.7203125 0.346875 0.7203125 0.353531771875 0.9109375 0.428125 0.9087670593749999 0.428125 0.7203125
0 0.484375 0.8359375 0.484375 0.9154304890624999 0.5333237546875 0.9131506640625 0.537370325 0.8359375 0.484375 0.8359375
0 0.6325448140625001 0.9150250156249999 0.634375 0.810173696875 0.634375 0.809375 0.5828857328125 0.809375 0.5828125 0.813570475 0.5828125 0.915603703125 0.6325448140625001 0.9150250156249999