0 0.3875 0.00625 0.3125 0.00625 0.314518128125 0.1796875 0.3875 0.178838278125 0.3875 0.00625
0 0.403125 0.175 0.4864579390625 0.175 0.490625 0.05567099062500001 0.403125 0.053125 0.403125 0.175
0 0.48167842656250004 0.03128080625 0.48125 0.0404792984375 0.48125 0.17477545156250002 0.5741767125 0.1709889796875 0.5796875 0.052670137500000005 0.5796875 0.03125 0.48243446562500003 0.03125 0.48167842656250004 0.03128080625
0 0.7265625 0.0375 0.6015625 0.0375 0.607821115625 0.171875 0.7265625 0.1684199796875 0.7265625 0.0375
0 0.390625 0.44375 0.33125 0.44375 0.3354262453125 0.5234375 0.390625 0.5211883234375 0.390625 0.44375
0 0.465625 0.378125 0.359375 0.378125 0.36690861875 0.521875 0.465625 0.519002646875 0.465625 0.378125
0 0.503125 0.390625 0.503125 0.5249863546875 0.5523432296874999 0.524127246875 0.553119921875 0.390625 0.503125 0.390625
0 0.6203125 0.40625 0.6203125 0.52167905 0.67319815625 0.5185988109374999 0.6764671718749999 0.40625 0.6203125 0.40625
0 0.6203125 0.3328125 0.546875 0.3328125 0.551311846875 0.5234375 0.6203125 0.523036065625 0.6203125 0.3328125
0 0.3203125 0.81875 0.3203125 0.8812288390624999 0.3731814359375 0.8806136531250001 0.374981484375 0.81875 0.3203125 0.81875
0 0.3421875 0.840625 0.37953610625 0.840625 0.38125 0.7669890921875 0.3421875 0.765625 0.3421875 0.840625
0 0.6109375 0.7765625 0.6109375 0.8796560578125 0.6525250359375 0.8774765468749999 0.6531121375 0.7765625 0.6109375 0.7765625
0 0.590625 0.7875 0.590625 0.8373813374999999 0.63927533125 0.8353989890625 0.6420651296875 0.7875 0.590625 0.7875
0 0.39375 0.71875 0.39375 0.8746186046875 0.45587378437500004 0.8717251421875 0.463890871875 0.71875 0.39375 0.71875
0 0.5046875 0.88125 0.567097115625 0.88125 0.5687495593749999 0.78658151875 0.5046875 0.782850328125 0.5046875 0.88125