0 0.3890625 0.025 0.315625 0.025 0.3174431328125 0.18125 0.3890625 0.177914275 0.3890625 0.025
0 0.4015625 0.1828125 0.47979557812499996 0.1828125 0.48125 0.0994887453125 0.4015625 0.0953125 0.4015625 0.1828125
0 0.571875 0.0515625 0.475 0.0515625 0.4779094078125 0.1765625 0.571875 0.172733696875 0.571875 0.0515625
0 0.6913603312500001 0.176301784375 0.699899640625 0.0296875 0.5960245109375 0.0296875 0.5953295125 0.029699631250000004 0.5953125 0.029991725000000004 0.5953125 0.1779783046875 0.6913603312500001 0.176301784375
0 0.38125 0.4453125 0.325 0.4453125 0.327728184375 0.5234375 0.38125 0.52312611875 0.38125 0.4453125
0 0.459375 0.5296875 0.459375 0.3940111734375 0.353125 0.3890625 0.3563980828125 0.5296875 0.459375 0.5296875
0 0.5546875 0.403125 0.503125 0.403125 0.50894696875 0.528125 0.5546875 0.5275927609375 0.5546875 0.403125
0 0.6671875 0.525 0.6671875 0.43081766093749996 0.609375 0.428125 0.6110659593750001 0.525 0.6671875 0.525
0 0.534375 0.35 0.534375 0.5232730125 0.6023079640625 0.52169185625 0.6093038703125 0.35 0.534375 0.35
0 0.3640625 0.884375 0.3640625 0.8196227531250001 0.3140625 0.81875 0.31788472031250004 0.884375 0.3640625 0.884375
0 0.3375 0.8453125 0.3717248796875 0.8453125 0.375 0.764935321875 0.3375 0.7640625 0.3375 0.8453125
0 0.60625 0.767203978125 0.60625 0.8778672203125 0.6404136265625 0.8764751593750001 0.6467789078124999 0.7671875 0.6066544140625 0.7671875 0.60625 0.767203978125
0 0.63125 0.840625 0.63125 0.7861645703125 0.59228515625 0.785937878125 0.5948322515625 0.840625 0.63125 0.840625
0 0.5046875 0.7890625 0.5046875 0.88255818125 0.550789684375 0.8804109375 0.556110125 0.7890625 0.5046875 0.7890625
0 0.4203125 0.875 0.496347146875 0.875 0.503125 0.708659596875 0.4203125 0.70625 0.4203125 0.875