0 0.315625 0.146875 0.315625 0.21867696875 0.3974900703125 0.2162949375 0.3999142671875 0.146875 0.315625 0.146875
0 0.396875 0.2140625 0.4790089328125 0.2140625 0.48125 0.08567190625 0.396875 0.08125 0.396875 0.2140625
0 0.565625 0.21875 0.565625 0.1440058796875 0.4875 0.1421875 0.488836403125 0.21875 0.565625 0.21875
0 0.590625 0.1734375 0.590625 0.22027439218749997 0.72261929375 0.2141266578125 0.723329525 0.1734375 0.590625 0.1734375
0 0.38125 0.4359375 0.325 0.4359375 0.33163285937500003 0.5625 0.38125 0.5604782562499999 0.38125 0.4359375
0 0.45872440000000003 0.5546875 0.459375 0.4428586 0.459375 0.44209831250000003 0.379691921875 0.43792229843749997 0.3796875 0.4386823546875 0.3796875 0.5546875 0.45872440000000003 0.5546875
0 0.5890625 0.37656380624999997 0.521875 0.375 0.521875 0.5625 0.5890625 0.5625 0.5890625 0.37656380624999997
0 0.5421875 0.41875 0.496875 0.41875 0.501012234375 0.5609375 0.5421875 0.559739421875 0.5421875 0.41875
0 0.6140625 0.5640625 0.6625643453125 0.5640625 0.6671875 0.45060217812500003 0.6140625 0.4484375 0.6140625 0.5640625
0 0.3515625 0.9140625 0.3515625 0.8474957375000001 0.3046875 0.8453125 0.30668792031250003 0.9140625 0.3515625 0.9140625
0 0.33125 0.79375 0.33125 0.8764109437500001 0.3721081234375 0.8742696593750001 0.3749199328125 0.79375 0.33125 0.79375
0 0.4484375 0.725 0.365625 0.725 0.36674311406250004 0.9171875 0.4484375 0.916712215625 0.4484375 0.725
0 0.503125 0.81875 0.503125 0.91875 0.55625 0.9156558218749999 0.55625 0.81875 0.503125 0.81875
0 0.6468607953125 0.921875 0.653125 0.81432275625 0.653125 0.813289884375 0.6079927890625 0.8125020984375 0.6078125 0.8155975421875 0.6078125 0.921875 0.6468607953125 0.921875
0 0.58125 0.828125 0.58125 0.8843692875 0.627143153125 0.8841022890625 0.6281202390625 0.828125 0.58125 0.828125