0 0.296875 0.2046875 0.3669431875 0.2046875 0.375 0.031704517187499996 0.296875 0.03125 0.296875 0.2046875
0 0.39106889218749996 0.0468793390625 0.390625 0.0564098828125 0.390625 0.20308958281249997 0.4548496703125 0.20271593437500002 0.4609375 0.07200779375000001 0.4609375 0.046875 0.3918147140625 0.046875 0.39106889218749996 0.0468793390625
0 0.4828125 0.0125 0.4828125 0.20625 0.5578125 0.20450435625000002 0.5578125 0.0125 0.4828125 0.0125
0 0.5796875 0.209375 0.688060875 0.209375 0.6890625 0.037210193749999995 0.5796875 0.0359375 0.5796875 0.209375
0 0.303125 0.4453125 0.3037067828125 0.5453125 0.36875 0.5453125 0.36875 0.4453125 0.303125 0.4453125
0 0.428125 0.4171875 0.3640625 0.4171875 0.367117378125 0.5484375 0.428125 0.5470175312500001 0.428125 0.4171875
0 0.55625 0.55 0.55625 0.3637545828125 0.484375 0.3625 0.486556759375 0.55 0.55625 0.55
0 0.6140625 0.55 0.6140625 0.43118153281250005 0.5484375 0.428125 0.5505648359374999 0.55 0.6140625 0.55
0 0.2985037265625 0.90625 0.340625 0.9050243968749999 0.340625 0.8359375 0.296236078125 0.8359375 0.2953969125 0.8359619171875 0.29826093125 0.90625 0.2985037265625 0.90625
0 0.3640625 0.8703125 0.3640625 0.7861576765625 0.3203125 0.784375 0.324315103125 0.8703125 0.3640625 0.8703125
0 0.5390625 0.84375 0.490625 0.84375 0.49317167968750003 0.90625 0.5390625 0.9043800921875 0.5390625 0.84375
0 0.534375 0.8015625 0.4796875 0.8015625 0.48360072656249997 0.86875 0.534375 0.865792734375 0.534375 0.8015625
0 0.634375 0.90625 0.634375 0.8005818031249999 0.584375 0.8 0.58499314375 0.90625 0.634375 0.90625
0 0.6265625 0.81875 0.5734375 0.81875 0.5748923515625 0.86875 0.6265625 0.8681487625000001 0.6265625 0.81875
0 0.3734375 0.69375 0.3734375 0.9091777499999999 0.43869957187499997 0.9080385968750001 0.4499299625 0.69375 0.3734375 0.69375