0 0.2953125 0.8375 0.2953125 0.909243459375 0.333733190625 0.9079017796875 0.33742279218750004 0.8375 0.2953125 0.8375
0 0.628125 0.8 0.5875 0.8 0.5928125468750001 0.9140625 0.628125 0.9130350125 0.628125 0.8
0 0.4875 0.90625 0.5361431328124999 0.90625 0.5374990421875 0.8479945671875001 0.4875 0.845374228125 0.4875 0.90625
0 0.478125 0.80625 0.478125 0.8640625 0.5296875 0.8619614890625 0.5296875 0.80625 0.478125 0.80625
0 0.3765625 0.70078114375 0.3765625 0.9054409296875001 0.4429216546875 0.904668771875 0.4453031921875 0.7 0.4436939171875 0.7 0.3765625 0.70078114375
0 0.321875 0.8734375 0.358437821875 0.8734375 0.3609375 0.787529175 0.321875 0.7859375 0.321875 0.8734375
0 0.3078125 0.4547470765625 0.3078125 0.5499940359375 0.36507048750000004 0.5473272015624999 0.36560945 0.4546875 0.3090916359375 0.4546875 0.3078125 0.4547470765625
0 0.4296875 0.4140625 0.3546875 0.4140625 0.359379978125 0.5484375 0.4296875 0.5447528390625 0.4296875 0.4140625
0 0.49351498125 0.55 0.5546875 0.5482200609375 0.5546875 0.3578125 0.493038540625 0.3578125 0.488042328125 0.357957875 0.49139443437499997 0.55 0.49351498125 0.55
0 0.546875 0.434375 0.546875 0.55625 0.61875 0.555413659375 0.61875 0.434375 0.546875 0.434375
0 0.678125 0.05625 0.584375 0.05625 0.58977680625 0.2109375 0.678125 0.2083668296875 0.678125 0.05625
0 0.553125 0.2046875 0.553125 0.009412673437500001 0.484375 0.0078125 0.4855203859375 0.2046875 0.553125 0.2046875
0 0.465625 0.047289540625 0.3890625 0.047289540625 0.3890625 0.2015625 0.465625 0.2015625 0.465625 0.047289540625
0 0.290625 0.03125 0.290625 0.2 0.3681239640625 0.2 0.375 0.03125 0.290625 0.03125