0 0.1875 0.009375 0.1875 0.19968995625 0.2661214984375 0.19694443281250001 0.274857684375 0.009375 0.1875 0.009375
0 0.284375 0.2078125 0.3780788921875 0.2078125 0.38125 0.071568775 0.284375 0.06875 0.284375 0.2078125
0 0.537531634375 0.2 0.640625 0.19639990000000002 0.640625 0.0546875 0.5328481203125001 0.0546875 0.5297974203125 0.054794032812500004 0.536560496875 0.2 0.537531634375 0.2
0 0.3726598046875 0.20625 0.4765625 0.2038316375 0.4765625 0.0453125 0.3645516796875 0.0453125 0.36406289687500004 0.0453238765625 0.372496678125 0.20625 0.3726598046875 0.20625
0 0.234375 0.528125 0.291584025 0.528125 0.29375 0.43506589062499995 0.234375 0.434375 0.234375 0.528125
0 0.28125 0.403125 0.28125 0.5593115203125001 0.356647646875 0.5575566203125 0.359343259375 0.403125 0.28125 0.403125
0 0.375 0.5171875 0.375 0.47689213906249994 0.334375 0.475 0.3348658953125 0.5171875 0.375 0.5171875
0 0.5176568859375 0.5671875 0.51875 0.3792969890625 0.51875 0.3739671859375 0.4141555078125 0.370314665625 0.4140625 0.386301340625 0.4140625 0.5671875 0.5176568859375 0.5671875
0 0.509375 0.434375 0.509375 0.556105503125 0.5745788000000001 0.5534486515625 0.5780434890625 0.434375 0.509375 0.434375
0 0.4625 0.3828125 0.4015625 0.3828125 0.4046537453125 0.515625 0.4625 0.5149518984375 0.4625 0.3828125
0 0.26359782656249997 0.890625 0.265625 0.820955571875 0.265625 0.819203940625 0.2267153515625 0.8187511859375001 0.2265625 0.8240043546875 0.2265625 0.890625 0.26359782656249997 0.890625
0 0.2890625 0.7265625 0.2484375 0.7265625 0.252512878125 0.8140625 0.2890625 0.8138498593750001 0.2890625 0.7265625
0 0.290625 0.775 0.290625 0.8890625 0.3517977625 0.8890625 0.353125 0.775 0.290625 0.775
0 0.45 0.828125 0.4047279171875 0.828125 0.40538243593749995 0.8843743734375 0.45 0.8833358890625 0.45 0.828125
0 0.4984375 0.8796875 0.5321785015625 0.8796875 0.5328125 0.7707124890625 0.4984375 0.7703125 0.4984375 0.8796875
0 0.4640625 0.746875 0.4078125 0.746875 0.4096310640625 0.809375 0.4640625 0.8081080953124999 0.4640625 0.746875