0 0.3125 0.21875 0.4041334109375 0.21875 0.40625 0.1460075203125 0.3125 0.1421875 0.3125 0.21875
0 0.43917646718750003 0.2140625 0.4859375 0.21242956875000002 0.4859375 0.075 0.41350757343750005 0.075 0.40041208125 0.0754573046875 0.4044450796875 0.2140625 0.43917646718750003 0.2140625
0 0.4796875 0.1453125 0.4796875 0.22005807812499997 0.556569246875 0.21558022656250003 0.5606618765625 0.1453125 0.4796875 0.1453125
0 0.5987249296875 0.221875 0.7328125 0.2164113515625 0.7328125 0.165625 0.5980704015625 0.165625 0.59733621875 0.165654915625 0.5979903984375 0.221875 0.5987249296875 0.221875
0 0.33125 0.5578125 0.3795298875 0.5578125 0.38125 0.4592673515625 0.33125 0.4578125 0.33125 0.5578125
0 0.35 0.5609375 0.457935303125 0.5609375 0.459375 0.43721019375000003 0.35 0.4359375 0.35 0.5609375
0 0.509375 0.5671875 0.586559028125 0.5671875 0.5921875 0.40600915000000004 0.5921875 0.37221253593750003 0.5105542421875 0.3703125 0.5097871125 0.3703125 0.509375 0.3821138703125 0.509375 0.5671875
0 0.496875 0.5609375 0.5483634859375 0.5609375 0.55 0.42029577968750004 0.496875 0.41875 0.496875 0.5609375
0 0.671875 0.5625 0.671875 0.4489663484375 0.6 0.446875 0.6040377140625 0.5625 0.671875 0.5625
0 0.309375 0.9171875 0.3489585296875 0.9171875 0.3515625 0.8532815093749999 0.309375 0.8515625 0.309375 0.9171875
0 0.334375 0.884375 0.3729457515625 0.884375 0.375 0.7961161375 0.334375 0.79375 0.334375 0.884375
0 0.609375 0.80625 0.609375 0.920277746875 0.6448840312499999 0.9196579343750001 0.646863575 0.80625 0.609375 0.80625
0 0.63125 0.884375 0.63125 0.8292160281250001 0.584375 0.828125 0.585029528125 0.884375 0.63125 0.884375
0 0.5 0.9203125 0.551622909375 0.9203125 0.55625 0.820967028125 0.5 0.8203125 0.5 0.9203125
0 0.44375 0.7296875 0.3609375 0.7296875 0.369670453125 0.9171875 0.44375 0.9154632796875 0.44375 0.7296875