0 0.340625 0.83984375 0.296875 0.83984375 0.296875 0.91015625 0.340625 0.91015625 0.340625 0.83984375
0 0.63203125 0.80390625 0.59140625 0.80390625 0.59140625 0.90859375 0.63203125 0.90859375 0.63203125 0.80390625
0 0.6140625 0.81875 0.575 0.81875 0.575 0.8734375 0.6140625 0.8734375 0.6140625 0.81875
0 0.5390625 0.84453125 0.490625 0.84453125 0.490625 0.90859375 0.5390625 0.90859375 0.5390625 0.84453125
0 0.5328125 0.8125 0.48125 0.8125 0.48125 0.8734375 0.5328125 0.8734375 0.5328125 0.8125
0 0.4453125 0.69609375 0.3765625 0.69609375 0.3765625 0.90703125 0.4453125 0.90703125 0.4453125 0.69609375
0 0.36015625 0.784375 0.32109375 0.784375 0.32109375 0.8703125 0.36015625 0.8703125 0.36015625 0.784375
0 0.36875 0.46015625 0.3140625 0.46015625 0.3140625 0.55078125 0.36875 0.55078125 0.36875 0.46015625
0 0.4375 0.41015625 0.353125 0.41015625 0.353125 0.55078125 0.4375 0.55078125 0.4375 0.41015625
0 0.553125 0.35390625 0.4828125 0.35390625 0.4828125 0.55546875 0.553125 0.55546875 0.553125 0.35390625
0 0.61875 0.42734375 0.5453125 0.42734375 0.5453125 0.55546875 0.61875 0.55546875 0.61875 0.42734375
0 0.378125 0.0296875 0.290625 0.0296875 0.290625 0.20625 0.378125 0.20625 0.378125 0.0296875
0 0.46875 0.03828125 0.390625 0.03828125 0.390625 0.20234375 0.46875 0.20234375 0.46875 0.03828125
0 0.559375 0.0171875 0.484375 0.0171875 0.484375 0.2078125 0.559375 0.2078125 0.559375 0.0171875
0 0.67890625 0.05625 0.58203125 0.05625 0.58203125 0.2125 0.67890625 0.2125 0.67890625 0.05625