0 0.3140625 0.14375 0.3140625 0.2171078890625 0.39814209375 0.215150915625 0.4014676453125 0.14375 0.3140625 0.14375
0 0.40625 0.2171875 0.4858548265625 0.2171875 0.4875 0.07580163281249999 0.40625 0.0734375 0.40625 0.2171875
0 0.4875 0.153125 0.4875 0.2186610375 0.5555527796875 0.217077090625 0.5592775640625 0.153125 0.4875 0.153125
0 0.596875 0.1703125 0.596875 0.2171859140625 0.7309772890625 0.2164057296875 0.7312454515625 0.1703125 0.596875 0.1703125
0 0.38125 0.5609375 0.38125 0.4618920734375 0.3265625 0.4609375 0.3306371875 0.5609375 0.38125 0.5609375
0 0.453125 0.43125 0.3515625 0.43125 0.35529055625 0.559375 0.453125 0.5542477140625001 0.453125 0.43125
0 0.5875 0.3734375 0.5125 0.3734375 0.5202673734375 0.5640625 0.5875 0.56249764375 0.5875 0.3734375
0 0.4921875 0.41875 0.4921875 0.5607689203125 0.541081303125 0.55934625625 0.5468101625 0.41875 0.4921875 0.41875
0 0.596875 0.44375 0.596875 0.563879034375 0.6652492640625 0.5602956906250001 0.668640396875 0.44375 0.596875 0.44375
0 0.353125 0.85 0.30625 0.85 0.3103452375 0.9203125 0.353125 0.9200636140625 0.353125 0.85
0 0.3734375 0.79375 0.33125 0.79375 0.33567190625 0.878125 0.3734375 0.8765861703125 0.3734375 0.79375
0 0.603125 0.809375 0.603125 0.9216080109375 0.6407284765625 0.9194178578125 0.6452123796875 0.809375 0.603125 0.809375
0 0.5828125 0.834375 0.5845585390625 0.884375 0.6328125 0.884375 0.6328125 0.834375 0.5828125 0.834375
0 0.559375 0.9203125 0.559375 0.8232962593750001 0.4953125 0.8203125 0.49647610468750003 0.9203125 0.559375 0.9203125
0 0.359375 0.7203125 0.359375 0.91401 0.44574779531250003 0.909987121875 0.446851290625 0.7203125 0.359375 0.7203125