0 0.3546875 0.171875 0.3546875 0.011940946875 0.2765632953125 0.00784663125 0.2822912921875 0.171875 0.3546875 0.171875
0 0.3640625 0.0625 0.3640625 0.16231021875 0.42971742500000004 0.1596349859375 0.43424155937500003 0.0625 0.3640625 0.0625
0 0.528125 0.1609375 0.528125 0.032940959375 0.43125 0.03125 0.4388034375 0.1609375 0.528125 0.1609375
0 0.696875 0.015625 0.578125 0.015625 0.5837276953125 0.153125 0.696875 0.14719520156250002 0.696875 0.015625
0 0.3476586890625 0.5140625 0.35 0.46379360468749997 0.35 0.463146878125 0.3079026453125 0.46094065000000006 0.3078125 0.46287610625 0.3078125 0.5140625 0.3476586890625 0.5140625
0 0.4796875 0.5078125 0.52962710625 0.5078125 0.534375 0.3912908453125 0.4796875 0.3890625 0.4796875 0.5078125
0 0.315625 0.371875 0.315625 0.5061134625 0.42421508750000003 0.5023214140625 0.42801068906250006 0.371875 0.315625 0.371875
0 0.5875 0.503125 0.5875 0.316001684375 0.5015625 0.3125 0.5071091203125 0.503125 0.5875 0.503125
0 0.584375 0.5 0.6462213703125 0.5 0.646875 0.38765048593749996 0.584375 0.384375 0.584375 0.5
0 0.315625 0.8875 0.315625 0.82078734375 0.265625 0.81875 0.26762542031250003 0.8875 0.315625 0.8875
0 0.53125 0.8765625 0.53125 0.8150712421874999 0.47350260468750005 0.8140632578125 0.47568512656250006 0.8765625 0.53125 0.8765625
0 0.3046875 0.7890625 0.3046875 0.8765625 0.35 0.8744520359375001 0.35 0.7890625 0.3046875 0.7890625
0 0.3375 0.88125 0.41452466406250005 0.88125 0.41875 0.6997123125 0.3375 0.696875 0.3375 0.88125
0 0.6296875 0.88125 0.6296875 0.7707688562499999 0.571875 0.76875 0.5764590234375 0.88125 0.6296875 0.88125