0 0.3734375 0.03125 0.315625 0.03125 0.3204441953125 0.196875 0.3734375 0.1962583671875 0.3734375 0.03125
0 0.390625 0.04375 0.390625 0.19974586562500002 0.4520975390625 0.197599196875 0.45926318125 0.04375 0.390625 0.04375
0 0.4910911234375 0.2046875 0.5484375 0.2026849203125 0.5484375 0.01875 0.4824309453125 0.01875 0.481667878125 0.018776646875 0.490326815625 0.2046875 0.4910911234375 0.2046875
0 0.58125 0.028125 0.58125 0.20930136406250002 0.677031359375 0.20762949375 0.6812093734375 0.028125 0.58125 0.028125
0 0.3671875 0.4375 0.315625 0.4375 0.31898934375 0.553125 0.3671875 0.5520031750000001 0.3671875 0.4375
0 0.428125 0.553125 0.428125 0.41555653281250005 0.3625 0.4125 0.3665917703125 0.553125 0.428125 0.553125
0 0.553125 0.353870434375 0.4890625 0.353125 0.4890625 0.55 0.553125 0.55 0.553125 0.353870434375
0 0.6125 0.55 0.6125 0.433732175 0.551624178125 0.43125167500000006 0.551624178125 0.55 0.6125 0.55
0 0.290625 0.84375 0.290625 0.9093127609374999 0.3410759859375 0.9081385015624999 0.34369961718750003 0.84375 0.290625 0.84375
0 0.359375 0.86875 0.359375 0.7839036390625 0.321875 0.7828125 0.3233750453125 0.86875 0.359375 0.86875
0 0.4390625 0.90625 0.4390625 0.699128390625 0.3796875 0.6984375 0.3881552109375 0.90625 0.4390625 0.90625
0 0.49375 0.840625 0.49375 0.9061098609375 0.5348259859375 0.9039571593750001 0.5374065734375 0.840625 0.49375 0.840625
0 0.5328125 0.8125 0.48125 0.8125 0.48279577968750004 0.865625 0.5328125 0.8647519546875 0.5328125 0.8125
0 0.5875 0.8043346781249999 0.5887040734375 0.9078125 0.628125 0.9078125 0.628125 0.8036255656250001 0.6281191749999999 0.803125 0.6163677890625 0.803125 0.5875 0.8036288890625001 0.5875 0.8043346781249999
0 0.5734375 0.86875 0.61489428125 0.86875 0.6171875 0.819513659375 0.5734375 0.81875 0.5734375 0.86875