0 0.4375 0.0015625 0.359375 0.0015625 0.36437605156249997 0.1734375 0.4375 0.17088395625 0.4375 0.0015625
0 0.453125 0.1671875 0.522809240625 0.1671875 0.528125 0.053056015624999994 0.453125 0.05 0.453125 0.1671875
0 0.7625 0.002198825 0.653125 0.0015625 0.653125 0.1421875 0.7625 0.1421875 0.7625 0.002198825
0 0.621875 0.153125 0.621875 0.0143236734375 0.515625 0.009375 0.5214823640625 0.153125 0.621875 0.153125
0 0.465625 0.440625 0.40625 0.440625 0.40843254843750004 0.503125 0.465625 0.5001276703124999 0.465625 0.440625
0 0.502201653125 0.5046875 0.50625 0.36555487656249996 0.50625 0.36479822500000003 0.4109594828125 0.359804259375 0.4109375 0.360559759375 0.4109375 0.5046875 0.502201653125 0.5046875
0 0.56875 0.359375 0.56875 0.5028521890625 0.6136172359375001 0.5010239890625 0.62021464375 0.359375 0.56875 0.359375
0 0.65625 0.503125 0.727820121875 0.503125 0.73125 0.38524770468749997 0.65625 0.384375 0.65625 0.503125
0 0.578125 0.3078125 0.578125 0.5015625 0.6582477953125 0.5015625 0.659375 0.3078125 0.578125 0.3078125
0 0.4203125 0.7671875 0.371875 0.7671875 0.374931015625 0.8421875 0.4203125 0.8398091578125 0.4203125 0.7671875
0 0.5 0.6841761765625 0.421875 0.6828125 0.421875 0.84375 0.5 0.84375 0.5 0.6841761765625
0 0.596875 0.7765625 0.553125 0.7765625 0.5572193578125 0.8546875 0.596875 0.8526092359374999 0.596875 0.7765625
0 0.69375 0.865625 0.69375 0.7616310125 0.6453125 0.759375 0.6459306437500001 0.865625 0.69375 0.865625
0 0.5796875 0.8234375 0.62873999375 0.8234375 0.63125 0.7618375265624999 0.5796875 0.7609375 0.5796875 0.8234375