0 0.365625 0.8859375 0.365625 0.8203308312500001 0.320442709375 0.81875303125 0.32318026718750004 0.8859375 0.365625 0.8859375
0 0.5640625 0.878125 0.5640625 0.778743165625 0.5109375 0.778125 0.5167618375 0.878125 0.5640625 0.878125
0 0.340625 0.8390625 0.38258625 0.8390625 0.384375 0.7622104953125 0.340625 0.7609375 0.340625 0.8390625
0 0.65 0.878125 0.65 0.76677100625 0.621875 0.765625 0.6264590234375 0.878125 0.65 0.878125
0 0.590625 0.83125 0.641299259375 0.83125 0.6421875 0.7930875265624999 0.590625 0.7921875 0.590625 0.83125
0 0.3953125 0.71875 0.3953125 0.87489418125 0.46420358906250003 0.8732907234375 0.468700265625 0.71875 0.3953125 0.71875
0 0.3890625 0.5234375 0.3890625 0.44785961093750004 0.334375 0.4453125 0.3389252625 0.5234375 0.3890625 0.5234375
0 0.4671875 0.375 0.365625 0.375 0.3699895546875 0.525 0.4671875 0.5221718281250001 0.4671875 0.375
0 0.5578125 0.39375 0.503125 0.39375 0.507490096875 0.51875 0.5578125 0.5172857671875 0.5578125 0.39375
0 0.621875 0.413700146875 0.6225316140625 0.5265625 0.675 0.5265625 0.675 0.4143183125 0.674995784375 0.413593709375 0.621875 0.41297559218749996 0.621875 0.413700146875
0 0.6203125 0.525 0.6203125 0.34380835 0.5421875 0.340625 0.54970020625 0.525 0.6203125 0.525
0 0.6004191015625 0.03598249375 0.6 0.10801986875 0.6 0.171875 0.60078085625 0.171875 0.7296875 0.168874665625 0.7296875 0.0359375 0.6023522171875 0.0359375 0.6004191015625 0.03598249375
0 0.5640625 0.034375 0.459375 0.034375 0.46417660625 0.171875 0.5640625 0.1701314859375 0.5640625 0.034375
0 0.3953125 0.065625 0.3953125 0.168662690625 0.47824936874999996 0.16624947343750002 0.4811772421875 0.065625 0.3953125 0.065625
0 0.3984375 0.16875 0.3984375 0.0048313421875 0.30625 0 0.3150938125 0.16875 0.3984375 0.16875