0 0.359375 0.16875 0.4274561 0.16875 0.4359375 0.006915240625000001 0.359375 0.0046875 0.359375 0.16875
0 0.5265625 0.165625 0.5265625 0.055534596874999995 0.44375 0.053125 0.44964587500000003 0.165625 0.5265625 0.165625
0 0.6453125 0.003125 0.6453125 0.14051324062499998 0.76082339375 0.1378246953125 0.7655272109375 0.003125 0.6453125 0.003125
0 0.603995396875 0.159375 0.609375 0.0273500625 0.609375 0.0267497609375 0.5047607421875 0.0218772734375 0.5046875 0.023674765625 0.5046875 0.159375 0.603995396875 0.159375
0 0.45625 0.4265625 0.403125 0.4265625 0.40676372968749996 0.5046875 0.45625 0.502382640625 0.45625 0.4265625
0 0.5 0.50625 0.5 0.36159193125 0.4062504234375 0.3610465125 0.4070951921875 0.50625 0.5 0.50625
0 0.5375 0.4948879953125 0.53671875 0.472515928125 0.50078125 0.47188863750000004 0.5017629203125 0.5 0.5375 0.5 0.5375 0.4948879953125
0 0.55625 0.3203125 0.55625 0.504249934375 0.6392613796875 0.5008674796875 0.649777509375 0.3203125 0.55625 0.3203125
0 0.7204411609375 0.5 0.725 0.38811805312500003 0.725 0.38774873906249996 0.6422325718749999 0.384376225 0.6421875 0.38548236875 0.6421875 0.5 0.7204411609375 0.5
0 0.3640625 0.778125 0.3653717328125 0.834375 0.415625 0.834375 0.415625 0.778125 0.3640625 0.778125
0 0.4875 0.840625 0.4875 0.69885565625 0.415625 0.6984375 0.4164522234375 0.840625 0.4875 0.840625
0 0.540625 0.79375 0.540625 0.8498455046875 0.5814270625 0.8477071593750001 0.5842548375 0.79375 0.540625 0.79375
0 0.6765625 0.859375 0.6765625 0.7565808296875 0.645312784375 0.7547607421875 0.6459214125 0.859375 0.6765625 0.859375
0 0.6203125 0.81875 0.6203125 0.7612556625 0.565625 0.7609375 0.5676438562499999 0.81875 0.6203125 0.81875