0 0.296875 0.909375 0.3339424703125 0.909375 0.334375 0.835029565625 0.296875 0.834375 0.296875 0.909375
0 0.5912148703125 0.90625 0.628125 0.9047460265625 0.628125 0.8015625 0.5913371125 0.8015625 0.587502425 0.8017187515625 0.5899354156250001 0.90625 0.5912148703125 0.90625
0 0.5375 0.8140625 0.484375 0.8140625 0.48710284687499994 0.9078125 0.5375 0.9057589734375 0.5375 0.8140625
0 0.371875 0.703125 0.371875 0.8997665828124999 0.436459021875 0.8971349859375 0.4421041359375 0.703125 0.371875 0.703125
0 0.3609375 0.78125 0.321875 0.78125 0.3229113359375 0.8703125 0.3609375 0.86964875 0.3609375 0.78125
0 0.3046875 0.55 0.3686889265625 0.55 0.3703122765625 0.4569983875 0.3046875 0.45470671874999996 0.3046875 0.55
0 0.35625 0.415625 0.35625 0.5497814437499999 0.42655752187499996 0.54650681875 0.43112801562499997 0.415625 0.35625 0.415625
0 0.5515625 0.55 0.5515625 0.353906796875 0.484375 0.353125 0.4866658484375 0.55 0.5515625 0.55
0 0.615625 0.4296875 0.546875 0.4296875 0.5475840484375001 0.5515625 0.615625 0.5483934421875001 0.615625 0.4296875
0 0.6709998296874999 0.209375 0.67734375 0.0536840578125 0.58203125 0.053129545312500005 0.58125 0.07230279218749999 0.58125 0.209375 0.6709998296874999 0.209375
0 0.553125 0.2078125 0.553125 0.015939260937499998 0.4875 0.0125 0.49090919218750007 0.2078125 0.553125 0.2078125
0 0.3875 0.203125 0.47092856406249994 0.203125 0.471875 0.040446440625 0.3875 0.0375 0.3875 0.203125
0 0.375 0.2 0.375 0.038304828125 0.290625 0.034375 0.30027155781250003 0.2 0.375 0.2