0 0.3984375 0.184375 0.3984375 0.048920884375 0.328125 0.046875 0.3353310703125 0.184375 0.3984375 0.184375
0 0.4125 0.18125 0.48750895625 0.18125 0.4890625 0.11450345625 0.4125 0.1109375 0.4125 0.18125
0 0.5796875 0.0890625 0.490625 0.0890625 0.493352846875 0.1828125 0.5796875 0.18180790468750002 0.5796875 0.0890625
0 0.703125 0.18125 0.703125 0.0383377609375 0.6 0.0359375 0.6025364390625 0.18125 0.703125 0.18125
0 0.328125 0.5328125 0.3901516734375 0.5328125 0.390625 0.451454703125 0.328125 0.45 0.328125 0.5328125
0 0.475 0.5359375 0.475 0.39440450625 0.3625 0.39375 0.368293696875 0.5359375 0.475 0.5359375
0 0.50625 0.4 0.50625 0.537472065625 0.5617000484375 0.53553570625 0.562488571875 0.4 0.50625 0.4
0 0.6125 0.434375 0.6125 0.53731126875 0.6758454484375 0.535099196875 0.6811241796874999 0.434375 0.6125 0.434375
0 0.5375 0.35625 0.5375 0.53412154375 0.6062797375 0.531318984375 0.6123932812499999 0.35625 0.5375 0.35625
0 0.3140625 0.8265625 0.3140625 0.8859375 0.3671875 0.8850102 0.3671875 0.8265625 0.3140625 0.8265625
0 0.340625 0.846875 0.37609345156249996 0.846875 0.3765625 0.766252290625 0.340625 0.765625 0.340625 0.846875
0 0.5609375 0.79375 0.5125 0.79375 0.5153642390625001 0.8921875 0.5609375 0.8900648921875 0.5609375 0.79375
0 0.6140625 0.7868103265624999 0.6140625 0.8840420609375 0.6442836515625 0.8822818796874999 0.6498950734375 0.7859375 0.6141133359375 0.7859375 0.6140625 0.7868103265624999
0 0.6375 0.8484375 0.6375 0.7948036484375 0.592317709375 0.7937520203124999 0.5929540328125 0.8484375 0.6375 0.8484375
0 0.41875 0.8734375 0.49281061875 0.8734375 0.5 0.7190786140625 0.41875 0.7171875 0.41875 0.8734375