0 0.315625 0.1453125 0.315625 0.2171729015625 0.402288659375 0.21566018125 0.403107228125 0.1453125 0.315625 0.1453125
0 0.490625 0.2171875 0.490625 0.073946559375 0.403125 0.0734375 0.41065861875 0.2171875 0.490625 0.2171875
0 0.5609375 0.2203125 0.5609375 0.1513636765625 0.4828125 0.15 0.48567751406250004 0.2203125 0.5609375 0.2203125
0 0.590625 0.16875 0.590625 0.2202513671875 0.732874684375 0.21445513593749999 0.73420456875 0.16875 0.590625 0.16875
0 0.378125 0.5609375 0.378125 0.463481846875 0.321875 0.4625 0.3230204234375 0.5609375 0.378125 0.5609375
0 0.4640625 0.44202035625 0.353125 0.4375 0.353125 0.5609375 0.4640625 0.5609375 0.4640625 0.44202035625
0 0.578125 0.5671875 0.578125 0.3651254109375 0.517317709375 0.364064015625 0.52559435625 0.5671875 0.578125 0.5671875
0 0.5453125 0.5609375 0.5453125 0.4197260015625 0.496875 0.4171875 0.5010576984374999 0.5609375 0.5453125 0.5609375
0 0.665625 0.446875 0.603125 0.446875 0.6071627140625 0.5625 0.665625 0.561139275 0.665625 0.446875
0 0.3078125 0.8484375 0.3078125 0.921875 0.346875 0.921875 0.346875 0.8484375 0.3078125 0.8484375
0 0.646875 0.9234375 0.646875 0.8202777843750001 0.603125 0.81875 0.6061710953125 0.9234375 0.646875 0.9234375
0 0.625 0.8353205578124999 0.584375 0.834375 0.584375 0.884375 0.625 0.884375 0.625 0.8353205578124999
0 0.503125 0.81875 0.503125 0.923181965625 0.5476385609375 0.9211087125 0.553002953125 0.81875 0.503125 0.81875
0 0.4484375 0.9203125 0.4484375 0.728599084375 0.3609375 0.7265625 0.36544708125 0.9203125 0.4484375 0.9203125
0 0.371875 0.79375 0.328125 0.79375 0.3323459265625 0.884375 0.371875 0.8825339031249999 0.371875 0.79375