0 0.359375 0.175 0.4367126453125 0.175 0.440625 0.0069092796875000004 0.359375 0.003125 0.359375 0.175
0 0.4453125 0.165625 0.524021090625 0.165625 0.5265625 0.056435684374999996 0.4453125 0.053125 0.4453125 0.165625
0 0.771875 0.14375 0.771875 0.0109928109375 0.6515625 0.0046875 0.6588504562499999 0.14375 0.771875 0.14375
0 0.6125 0.1578125 0.6125 0.021389521875 0.509375 0.0171875 0.5101931328125 0.1578125 0.6125 0.1578125
0 0.4609375 0.4265625 0.4078125 0.4265625 0.41112318437499995 0.5078125 0.4609375 0.5060729453125 0.4609375 0.4265625
0 0.5015625 0.503125 0.5015625 0.3672494546875 0.4109375 0.3625 0.41339211875000004 0.503125 0.5015625 0.503125
0 0.5640625 0.4984375 0.6485785296875 0.4984375 0.6546875 0.32349945468749997 0.5640625 0.31875 0.5640625 0.4984375
0 0.728125 0.3765625 0.646875 0.3765625 0.653589746875 0.5046875 0.728125 0.500781271875 0.728125 0.3765625
0 0.4171875 0.76875 0.371875 0.76875 0.37467634843750003 0.8375 0.4171875 0.8352720843749999 0.4171875 0.76875
0 0.59375 0.8640625 0.59375 0.7846311375 0.554734375 0.7828139562499999 0.5566254546875 0.8640625 0.59375 0.8640625
0 0.4234375 0.846875 0.499796596875 0.846875 0.5015625 0.6951136765625 0.4234375 0.69375 0.4234375 0.846875
0 0.6421875 0.75625 0.6421875 0.8624856140625001 0.69720116875 0.8618454718749999 0.6984298843750001 0.75625 0.6421875 0.75625
0 0.628125 0.8203125 0.628125 0.7615193031249999 0.578125 0.7609375 0.578470434375 0.8203125 0.628125 0.8203125