0 0.403125 0.14609375 0.315625 0.14609375 0.315625 0.21796875 0.403125 0.21796875 0.403125 0.14609375
0 0.49140625 0.0734375 0.40390625 0.0734375 0.40390625 0.2171875 0.49140625 0.2171875 0.49140625 0.0734375
0 0.5609375 0.15 0.4828125 0.15 0.4828125 0.2203125 0.5609375 0.2203125 0.5609375 0.15
0 0.734375 0.16875 0.590625 0.16875 0.590625 0.2203125 0.734375 0.2203125 0.734375 0.16875
0 0.378125 0.4625 0.321875 0.4625 0.321875 0.5609375 0.378125 0.5609375 0.378125 0.4625
0 0.4640625 0.4375 0.353125 0.4375 0.353125 0.5609375 0.4640625 0.5609375 0.4640625 0.4375
0 0.57890625 0.36484375 0.51640625 0.36484375 0.51640625 0.56796875 0.57890625 0.56796875 0.57890625 0.36484375
0 0.5453125 0.4171875 0.496875 0.4171875 0.496875 0.5609375 0.5453125 0.5609375 0.5453125 0.4171875
0 0.665625 0.44609375 0.603125 0.44609375 0.603125 0.56328125 0.665625 0.56328125 0.665625 0.44609375
0 0.346875 0.8484375 0.3078125 0.8484375 0.3078125 0.921875 0.346875 0.921875 0.346875 0.8484375
0 0.646875 0.81875 0.603125 0.81875 0.603125 0.9234375 0.646875 0.9234375 0.646875 0.81875
0 0.62578125 0.83359375 0.58359375 0.83359375 0.58359375 0.88515625 0.62578125 0.88515625 0.62578125 0.83359375
0 0.55390625 0.81875 0.50234375 0.81875 0.50234375 0.9234375 0.55390625 0.9234375 0.55390625 0.81875
0 0.4484375 0.72734375 0.3609375 0.72734375 0.3609375 0.92109375 0.4484375 0.92109375 0.4484375 0.72734375
0 0.371875 0.79453125 0.328125 0.79453125 0.328125 0.88359375 0.371875 0.88359375 0.371875 0.79453125