0 0.396875 0.046875 0.328125 0.046875 0.333473028125 0.178125 0.396875 0.176280190625 0.396875 0.046875
0 0.4875 0.1859375 0.4875 0.1071954296875 0.40625 0.10625 0.40671360781250004 0.1859375 0.4875 0.1859375
0 0.60625 0.1859375 0.69969931875 0.1859375 0.703125 0.038756275 0.60625 0.0359375 0.60625 0.1859375
0 0.58125 0.18125 0.58125 0.0975700203125 0.4875 0.09375 0.4905555671875 0.18125 0.58125 0.18125
0 0.3375 0.44375 0.3375 0.5327220046875001 0.38490854531249996 0.5310664609375 0.3874491953125 0.44375 0.3375 0.44375
0 0.359375 0.39535381406250003 0.359375 0.5310334125 0.47260712343750005 0.5244383921875 0.476364303125 0.3953125 0.3600843375 0.3953125 0.359375 0.39535381406250003
0 0.50625 0.5328125 0.5500820171874999 0.5328125 0.55625 0.41512038906250004 0.50625 0.4125 0.50625 0.5328125
0 0.6171875 0.5359375 0.6727636718750001 0.5359375 0.675 0.439855678125 0.6171875 0.4375 0.6171875 0.5359375
0 0.6140625 0.53125 0.6140625 0.35669095624999997 0.5375 0.353125 0.5468351359375 0.53125 0.6140625 0.53125
0 0.3671875 0.8875 0.3671875 0.8261397765625 0.315625 0.8234375 0.317116071875 0.8875 0.3671875 0.8875
0 0.646860915625 0.889306540625 0.65 0.781423209375 0.65 0.78125 0.6048176359374999 0.78125 0.6046875 0.7857224796875 0.6046875 0.8905336609375001 0.646860915625 0.889306540625
0 0.375 0.840625 0.375 0.7674443656250001 0.3359375 0.765625 0.33943068125 0.840625 0.375 0.840625
0 0.415625 0.8734375 0.505329034375 0.8734375 0.50625 0.7151369187500001 0.415625 0.7125 0.415625 0.8734375
0 0.503125 0.890625 0.552572975 0.890625 0.5578125 0.8006658453125001 0.503125 0.7984375 0.503125 0.890625