0 0.3209301703125 0.884375 0.3640625 0.8841240640624999 0.3640625 0.8171875 0.328802575 0.8171875 0.31406416406250004 0.8172732453125 0.316016625 0.884375 0.3209301703125 0.884375
0 0.603125 0.771875 0.603125 0.8810424265625001 0.640218278125 0.8795309906250001 0.6452324359375 0.771875 0.603125 0.771875
0 0.5875 0.7859375 0.5875 0.8453125 0.6215417999999999 0.8453125 0.625 0.7859375 0.5875 0.7859375
0 0.551989296875 0.883056540625 0.553125 0.785454396875 0.553125 0.784375 0.5078961859375 0.784375 0.5078125 0.79156694375 0.5078125 0.8843419546875 0.551989296875 0.883056540625
0 0.421875 0.8765625 0.49565123125 0.8765625 0.503125 0.7160976984375 0.421875 0.715625 0.421875 0.8765625
0 0.3703125 0.846875 0.3703125 0.7642196296875 0.3375 0.7625 0.33995506249999996 0.846875 0.3703125 0.846875
0 0.3328125 0.45 0.3328125 0.5310847453124999 0.3749552265625 0.5296130890625 0.37959216093750003 0.45 0.3328125 0.45
0 0.348566984375 0.528125 0.4625 0.5234825859375001 0.4625 0.3921875 0.3472056890625 0.3921875 0.3468751046875 0.3922009703125 0.348456725 0.528125 0.348566984375 0.528125
0 0.54375 0.5265625 0.54375 0.4036001890625 0.5 0.4015625 0.5029094078125 0.5265625 0.54375 0.5265625
0 0.671875 0.525 0.671875 0.42989810000000006 0.6109375 0.428125 0.6115011015625 0.525 0.671875 0.525
0 0.51875 0.35 0.51875 0.5234375 0.6125 0.5223466203125 0.6125 0.35 0.51875 0.35
0 0.309375 0.028125 0.31373955468750003 0.178125 0.3875 0.178125 0.3875 0.028125 0.309375 0.028125
0 0.3934568421875 0.175 0.4765625 0.173549384375 0.4765625 0.0921875 0.3918921640625 0.0921875 0.39062542968749997 0.09220961093749999 0.39303438281249997 0.175 0.3934568421875 0.175
0 0.690625 0.178125 0.690625 0.0355022421875 0.59375 0.034375 0.5945863124999999 0.178125 0.690625 0.178125
0 0.465625 0.06875 0.465625 0.182731375 0.5656648093750001 0.1809851734375 0.5702380421875 0.06875 0.465625 0.06875