0 0.2421875 0.81328125 0.196875 0.81328125 0.196875 0.88046875 0.2421875 0.88046875 0.2421875 0.81328125
0 0.42578125 0.81875 0.37734375 0.81875 0.37734375 0.8734375 0.42578125 0.8734375 0.42578125 0.81875
0 0.33125 0.76875 0.2640625 0.76875 0.2640625 0.871875 0.33125 0.871875 0.33125 0.76875
0 0.2625 0.73359375 0.221875 0.73359375 0.221875 0.80859375 0.2625 0.80859375 0.2625 0.73359375
0 0.434375 0.73984375 0.384375 0.73984375 0.384375 0.79609375 0.434375 0.79609375 0.434375 0.73984375
0 0.5109375 0.7859375 0.4734375 0.7859375 0.4734375 0.8734375 0.5109375 0.8734375 0.5109375 0.7859375
0 0.5 0.7421875 0.4609375 0.7421875 0.4609375 0.7921875 0.5 0.7921875 0.5 0.7421875
0 0.2578125 0.43125 0.1984375 0.43125 0.1984375 0.5203125 0.2578125 0.5203125 0.2578125 0.43125
0 0.3234375 0.39765625 0.228125 0.39765625 0.228125 0.55703125 0.3234375 0.55703125 0.3234375 0.39765625
0 0.3328125 0.471875 0.3015625 0.471875 0.3015625 0.5171875 0.3328125 0.5171875 0.3328125 0.471875
0 0.5421875 0.42890625 0.471875 0.42890625 0.471875 0.55703125 0.5421875 0.55703125 0.5421875 0.42890625
0 0.428125 0.3765625 0.3734375 0.3765625 0.3734375 0.515625 0.428125 0.515625 0.428125 0.3765625
0 0.48828125 0.36953125 0.38515625 0.36953125 0.38515625 0.56015625 0.48828125 0.56015625 0.48828125 0.36953125
0 0.615625 0.04375 0.4828125 0.04375 0.4828125 0.1953125 0.615625 0.1953125 0.615625 0.04375
0 0.4515625 0.04140625 0.3296875 0.04140625 0.3296875 0.20078125 0.4515625 0.20078125 0.4515625 0.04140625
0 0.3453125 0.06015625 0.259375 0.06015625 0.259375 0.19765625 0.3453125 0.19765625 0.3453125 0.06015625
0 0.2578125 0.00703125 0.15625 0.00703125 0.15625 0.19921875 0.2578125 0.19921875 0.2578125 0.00703125