0 0.371875 0.8140625 0.3234375 0.8140625 0.324201115625 0.8796875 0.371875 0.87830033125 0.371875 0.8140625
0 0.5625 0.878125 0.5625 0.778997753125 0.5125 0.778125 0.515409703125 0.878125 0.5625 0.878125
0 0.340625 0.765625 0.340625 0.8374634953125 0.3799954171875 0.8363179328125 0.3812293671875 0.765625 0.340625 0.765625
0 0.6484375 0.765625 0.6171875 0.765625 0.6198059671875 0.878125 0.6484375 0.876624484375 0.6484375 0.765625
0 0.396875 0.7171875 0.396875 0.8749519171875001 0.46287037187499996 0.8737999640625 0.46560405312500003 0.7171875 0.396875 0.7171875
0 0.6484375 0.7890625 0.590625 0.7890625 0.5925347296875 0.84375 0.6484375 0.8408202593749999 0.6484375 0.7890625
0 0.3359375 0.44375 0.3359375 0.5234240109375 0.38674383125 0.5231284281249999 0.38905350625 0.44375 0.3359375 0.44375
0 0.359375 0.521875 0.4685901265625 0.521875 0.471875 0.38074346718749996 0.359375 0.378125 0.359375 0.521875
0 0.5609375 0.3931966203125 0.503125 0.3921875 0.503125 0.5171875 0.5609375 0.5171875 0.5609375 0.3931966203125
0 0.6140625 0.40625 0.6140625 0.5234375 0.673349975 0.5234375 0.678125 0.40625 0.6140625 0.40625
0 0.621875 0.3359375 0.534375 0.3359375 0.542962403125 0.5203125 0.621875 0.518016378125 0.621875 0.3359375
0 0.31875 0.0035481749999999998 0.31875 0.00430784375 0.32170216875 0.1734375 0.37254190781249996 0.1734375 0.39375 0.17294387656250002 0.39375 0.003125 0.336931284375 0.003125 0.31875 0.0035481749999999998
0 0.484375 0.175 0.484375 0.06808006250000001 0.4 0.065625 0.40127269375 0.175 0.484375 0.175
0 0.728125 0.175 0.728125 0.0418725859375 0.6015639125 0.035977909375 0.60884975 0.175 0.728125 0.175
0 0.465625 0.028125 0.465625 0.178094525 0.574449384375 0.177461403125 0.5796643265625 0.028125 0.465625 0.028125