0 0.403125 0.14375 0.309375 0.14375 0.309375 0.21875 0.403125 0.21875 0.403125 0.14375
0 0.4890625 0.07734375 0.4015625 0.07734375 0.4015625 0.22109375 0.4890625 0.22109375 0.4890625 0.07734375
0 0.56015625 0.14453125 0.48671875 0.14453125 0.48671875 0.22265625 0.56015625 0.22265625 0.56015625 0.14453125
0 0.72890625 0.1671875 0.59921875 0.1671875 0.59921875 0.21875 0.72890625 0.21875 0.72890625 0.1671875
0 0.3859375 0.4609375 0.315625 0.4609375 0.315625 0.559375 0.3859375 0.559375 0.3859375 0.4609375
0 0.4625 0.4359375 0.3421875 0.4359375 0.3421875 0.5609375 0.4625 0.5609375 0.4625 0.4359375
0 0.5890625 0.3734375 0.5203125 0.3734375 0.5203125 0.5703125 0.5890625 0.5703125 0.5890625 0.3734375
0 0.54375 0.4234375 0.496875 0.4234375 0.496875 0.5640625 0.54375 0.5640625 0.54375 0.4234375
0 0.665625 0.4484375 0.5984375 0.4484375 0.5984375 0.5671875 0.665625 0.5671875 0.665625 0.4484375
0 0.35703125 0.8421875 0.30390625 0.8421875 0.30390625 0.9234375 0.35703125 0.9234375 0.35703125 0.8421875
0 0.37421875 0.79609375 0.33515625 0.79609375 0.33515625 0.87890625 0.37421875 0.87890625 0.37421875 0.79609375
0 0.64375 0.81484375 0.6046875 0.81484375 0.6046875 0.92421875 0.64375 0.92421875 0.64375 0.81484375
0 0.62578125 0.82734375 0.58359375 0.82734375 0.58359375 0.88515625 0.62578125 0.88515625 0.62578125 0.82734375
0 0.55703125 0.82109375 0.50078125 0.82109375 0.50078125 0.92109375 0.55703125 0.92109375 0.55703125 0.82109375
0 0.4421875 0.7234375 0.3609375 0.7234375 0.3609375 0.9203125 0.4421875 0.9203125 0.4421875 0.7234375