0 0.440625 0.00390625 0.359375 0.00390625 0.359375 0.17578125 0.440625 0.17578125 0.440625 0.00390625
0 0.5265625 0.05234375 0.4453125 0.05234375 0.4453125 0.16640625 0.5265625 0.16640625 0.5265625 0.05234375
0 0.771875 0.0046875 0.6515625 0.0046875 0.6515625 0.14375 0.771875 0.14375 0.771875 0.0046875
0 0.6125 0.0171875 0.509375 0.0171875 0.509375 0.1578125 0.6125 0.1578125 0.6125 0.0171875
0 0.4609375 0.42734375 0.4078125 0.42734375 0.4078125 0.50859375 0.4609375 0.50859375 0.4609375 0.42734375
0 0.5015625 0.36328125 0.4109375 0.36328125 0.4109375 0.50390625 0.5015625 0.50390625 0.5015625 0.36328125
0 0.6546875 0.31875 0.5640625 0.31875 0.5640625 0.4984375 0.6546875 0.4984375 0.6546875 0.31875
0 0.72890625 0.37734375 0.64765625 0.37734375 0.64765625 0.50546875 0.72890625 0.50546875 0.72890625 0.37734375
0 0.4171875 0.76875 0.371875 0.76875 0.371875 0.8375 0.4171875 0.8375 0.4171875 0.76875
0 0.59453125 0.78359375 0.55390625 0.78359375 0.55390625 0.86484375 0.59453125 0.86484375 0.59453125 0.78359375
0 0.5015625 0.69375 0.4234375 0.69375 0.4234375 0.846875 0.5015625 0.846875 0.5015625 0.69375
0 0.6984375 0.75703125 0.6421875 0.75703125 0.6421875 0.86328125 0.6984375 0.86328125 0.6984375 0.75703125
0 0.62890625 0.7609375 0.57734375 0.7609375 0.57734375 0.8203125 0.62890625 0.8203125 0.62890625 0.7609375