0 0.39765625 0.05234375 0.32734375 0.05234375 0.32734375 0.18046875 0.39765625 0.18046875 0.39765625 0.05234375
0 0.58125 0.0921875 0.4859375 0.0921875 0.4859375 0.1875 0.58125 0.1875 0.58125 0.0921875
0 0.4828125 0.10859375 0.4046875 0.10859375 0.4046875 0.18203125 0.4828125 0.18203125 0.4828125 0.10859375
0 0.70859375 0.0359375 0.60390625 0.0359375 0.60390625 0.1828125 0.70859375 0.1828125 0.70859375 0.0359375
0 0.396875 0.44609375 0.3328125 0.44609375 0.3328125 0.52734375 0.396875 0.52734375 0.396875 0.44609375
0 0.4734375 0.38984375 0.365625 0.38984375 0.365625 0.53359375 0.4734375 0.53359375 0.4734375 0.38984375
0 0.56328125 0.40625 0.50859375 0.40625 0.50859375 0.534375 0.56328125 0.534375 0.56328125 0.40625
0 0.6796875 0.43125 0.6125 0.43125 0.6125 0.5359375 0.6796875 0.5359375 0.6796875 0.43125
0 0.615625 0.35859375 0.540625 0.35859375 0.540625 0.53203125 0.615625 0.53203125 0.615625 0.35859375
0 0.3703125 0.81953125 0.3125 0.81953125 0.3125 0.88359375 0.3703125 0.88359375 0.3703125 0.81953125
0 0.3828125 0.7609375 0.328125 0.7609375 0.328125 0.85 0.3828125 0.85 0.3828125 0.7609375
0 0.5046875 0.71953125 0.415625 0.71953125 0.415625 0.88203125 0.5046875 0.88203125 0.5046875 0.71953125
0 0.5515625 0.79375 0.5046875 0.79375 0.5046875 0.890625 0.5515625 0.890625 0.5515625 0.79375
0 0.65234375 0.78828125 0.61015625 0.78828125 0.61015625 0.88359375 0.65234375 0.88359375 0.65234375 0.78828125
0 0.6328125 0.80234375 0.584375 0.80234375 0.584375 0.85390625 0.6328125 0.85390625 0.6328125 0.80234375