0 0.3859375 0.03515625 0.315625 0.03515625 0.315625 0.17890625 0.3859375 0.17890625 0.3859375 0.03515625
0 0.478125 0.09765625 0.396875 0.09765625 0.396875 0.17578125 0.478125 0.17578125 0.478125 0.09765625
0 0.703125 0.025 0.5890625 0.025 0.5890625 0.1796875 0.703125 0.1796875 0.703125 0.025
0 0.56875 0.06875 0.46875 0.06875 0.46875 0.1828125 0.56875 0.1828125 0.56875 0.06875
0 0.38515625 0.44453125 0.32109375 0.44453125 0.32109375 0.52578125 0.38515625 0.52578125 0.38515625 0.44453125
0 0.46328125 0.39453125 0.35546875 0.39453125 0.35546875 0.52890625 0.46328125 0.52890625 0.46328125 0.39453125
0 0.553125 0.40078125 0.496875 0.40078125 0.496875 0.52578125 0.553125 0.52578125 0.553125 0.40078125
0 0.66953125 0.42109375 0.60859375 0.42109375 0.60859375 0.53046875 0.66953125 0.53046875 0.66953125 0.42109375
0 0.61171875 0.34765625 0.51796875 0.34765625 0.51796875 0.52421875 0.61171875 0.52421875 0.61171875 0.34765625
0 0.36328125 0.81953125 0.31484375 0.81953125 0.31484375 0.88203125 0.36328125 0.88203125 0.36328125 0.81953125
0 0.37421875 0.76484375 0.33515625 0.76484375 0.33515625 0.84296875 0.37421875 0.84296875 0.37421875 0.76484375
0 0.50078125 0.7125 0.42265625 0.7125 0.42265625 0.871875 0.50078125 0.871875 0.50078125 0.7125
0 0.5546875 0.78203125 0.5046875 0.78203125 0.5046875 0.88203125 0.5546875 0.88203125 0.5546875 0.78203125
0 0.64765625 0.78125 0.60546875 0.78125 0.60546875 0.8765625 0.64765625 0.8765625 0.64765625 0.78125
0 0.6296875 0.7984375 0.5890625 0.7984375 0.5890625 0.8390625 0.6296875 0.8390625 0.6296875 0.7984375