0 0.35625 0.015625 0.28125 0.015625 0.2830681328125 0.171875 0.35625 0.167612640625 0.35625 0.015625
0 0.447289178125 0.1734375 0.4484375 0.07475095937500001 0.4484375 0.07398087343750001 0.3656339546875 0.0691581171875 0.365625 0.06992768125 0.365625 0.1734375 0.447289178125 0.1734375
0 0.428125 0.1671875 0.51756580625 0.1671875 0.5234375 0.0230858109375 0.428125 0.0203125 0.428125 0.1671875
0 0.69375 0.159375 0.69375 0.022842278125 0.5765625 0.01875 0.5798355828124999 0.159375 0.69375 0.159375
0 0.359375 0.5171875 0.359375 0.46639128750000003 0.309375 0.4640625 0.309993165625 0.5171875 0.359375 0.5171875
0 0.31875 0.3765625 0.31875 0.5108009625000001 0.4304650875 0.5068997859375 0.43425751406249996 0.3765625 0.31875 0.3765625
0 0.528125 0.5140625 0.528125 0.40761392343749997 0.48125 0.40625 0.4843870234375 0.5140625 0.528125 0.5140625
0 0.5859375 0.503125 0.6441525968749999 0.503125 0.6484375 0.39796594218750003 0.5859375 0.396875 0.5859375 0.503125
0 0.5875 0.328125 0.5 0.328125 0.5020726718749999 0.50625 0.5875 0.5057529984375 0.5875 0.328125
0 0.271875 0.83125 0.271875 0.8984147328125 0.3292966140625 0.8950703046875 0.3296679109375 0.83125 0.271875 0.83125
0 0.3078125 0.8859375 0.35366156875 0.8859375 0.3546875 0.7977691140625 0.3078125 0.7953125 0.3078125 0.8859375
0 0.55 0.81875 0.478125 0.81875 0.47943412968750004 0.89375 0.55 0.893339459375 0.55 0.81875
0 0.58125 0.890625 0.63017456875 0.890625 0.6328125 0.81508451875 0.6328125 0.7807645812499999 0.582446284375 0.778125 0.5817125265625 0.778125 0.58125 0.7913700359375 0.58125 0.890625
0 0.346875 0.703125 0.346875 0.887450065625 0.423833625 0.8865545703125 0.42810299531249996 0.703125 0.346875 0.703125