0 0.328125 0.046875 0.328125 0.18430980624999999 0.3968375421875 0.1815099859375 0.3984041625 0.046875 0.328125 0.046875
0 0.4125 0.18125 0.48746743437499995 0.18125 0.4890625 0.11271951250000001 0.4125 0.1109375 0.4125 0.18125
0 0.5796875 0.0890625 0.490625 0.0890625 0.491170421875 0.1828125 0.5796875 0.18126742812500002 0.5796875 0.0890625
0 0.703125 0.18125 0.703125 0.036537464062500004 0.6 0.0359375 0.6076155046875 0.18125 0.703125 0.18125
0 0.390625 0.5328125 0.390625 0.4528372515625 0.32974917812500004 0.45000191562499997 0.3331234515625 0.5328125 0.390625 0.5328125
0 0.475 0.5359375 0.475 0.3983340234375 0.3625 0.39375 0.3641545015625 0.5359375 0.475 0.5359375
0 0.5078125 0.401690165625 0.5078125 0.5373051515625 0.5569202828125001 0.5355902703125001 0.5624451625 0.4 0.50788136875 0.4 0.5078125 0.401690165625
0 0.68125 0.434375 0.6141797296875 0.434375 0.6189828109375 0.537499090625 0.68125 0.536774546875 0.68125 0.434375
0 0.5375 0.534375 0.6033021234375 0.534375 0.6125 0.3588690578125 0.5375 0.35625 0.5375 0.534375
0 0.3140625 0.8859375 0.36478074843749997 0.8859375 0.3671875 0.826871571875 0.3140625 0.8265625 0.3140625 0.8859375
0 0.340625 0.765625 0.34251611406250004 0.846875 0.3765625 0.846875 0.3765625 0.765625 0.340625 0.765625
0 0.5125 0.8921875 0.557588634375 0.8921875 0.5609375 0.7962885015625 0.5125 0.79375 0.5125 0.8921875
0 0.6483391843749999 0.884375 0.65 0.7892268859375 0.65 0.787191225 0.6141690343749999 0.7859399796875 0.6140625 0.7920433296875 0.6140625 0.884375 0.6483391843749999 0.884375
0 0.6375 0.8484375 0.6375 0.7940134578125 0.5922712046874999 0.793750325 0.5938624390625 0.8484375 0.6375 0.8484375
0 0.41875 0.7171875 0.41875 0.87333168125 0.49545358906250003 0.8715463859374999 0.4999449734375 0.7171875 0.41875 0.7171875