0 0.4375 0.1734375 0.4375 0.018339746875 0.3640625 0.0140625 0.37241498906250003 0.1734375 0.4375 0.1734375
0 0.5265625 0.0453125 0.446875 0.0453125 0.451021840625 0.1640625 0.5265625 0.16142456249999998 0.5265625 0.0453125
0 0.778125 0.1453125 0.778125 0.004419659375 0.6515625 0 0.6524079031250001 0.1453125 0.778125 0.1453125
0 0.6181196531250001 0.1515625 0.6203125 0.025934357812499996 0.6203125 0.0251817625 0.49688813125 0.022309028124999998 0.496875 0.0230613171875 0.496875 0.1515625 0.6181196531250001 0.1515625
0 0.409375 0.4328125 0.409375 0.5078125 0.4603177234375 0.5078125 0.4625 0.4328125 0.409375 0.4328125
0 0.40565347812499997 0.5 0.50625 0.495314640625 0.50625 0.3703125 0.399697578125 0.3703125 0.398439546875 0.37037109375 0.40523311093750003 0.5 0.40565347812499997 0.5
0 0.6171875 0.375 0.5578125 0.375 0.5607946421875 0.503125 0.6171875 0.5027969156250001 0.6171875 0.375
0 0.6578125 0.3859375 0.6634889187499999 0.5078125 0.7265625 0.5078125 0.7265625 0.3859375 0.6578125 0.3859375
0 0.4988625796875 0.5046875 0.5359375 0.503824571875 0.5359375 0.4703125 0.4980624921875 0.4703125 0.49731249999999994 0.47032995624999996 0.49811218124999995 0.5046875 0.4988625796875 0.5046875
0 0.5609375 0.3109165171875 0.5609375 0.49988406718749995 0.64628670625 0.49889093906250004 0.6562188171875001 0.309375 0.5610182874999999 0.309375 0.5609375 0.3109165171875
0 0.41875 0.778125 0.365625 0.778125 0.3676984203125 0.8375 0.41875 0.8351222343750001 0.41875 0.778125
0 0.49375 0.84375 0.49375 0.6975857046875 0.415625 0.6953125 0.41735222656250004 0.84375 0.49375 0.84375
0 0.590625 0.7887729953125 0.546875 0.7875 0.546875 0.8625 0.590625 0.8625 0.590625 0.7887729953125
0 0.655103421875 0.8625 0.6921875 0.8614209625000001 0.6921875 0.7578125 0.6538123687499999 0.7578125 0.6484423515625 0.7579687515625 0.653310971875 0.8625 0.655103421875 0.8625
0 0.6265625 0.7625 0.571875 0.7625 0.5725840718749999 0.8234375 0.6265625 0.822495303125 0.6265625 0.7625