0 0.296875 0.8390625 0.296875 0.907770575 0.340146965625 0.9072670593750001 0.3437214140625 0.8390625 0.296875 0.8390625
0 0.6262256515625 0.909375 0.628125 0.8005613874999999 0.628125 0.7988385140625 0.5860276453125 0.7968777984375001 0.5859375 0.8020422187499999 0.5859375 0.909375 0.6262256515625 0.909375
0 0.615625 0.8703125 0.615625 0.8222760140625001 0.5735276453125 0.8203152984375001 0.574109415625 0.8703125 0.615625 0.8703125
0 0.4875 0.81055945625 0.4880658015625 0.9078125 0.5375 0.9078125 0.5375 0.8093956921875 0.5374998796875 0.809375 0.505902603125 0.809375 0.4875 0.8098033250000001 0.4875 0.81055945625
0 0.3796875 0.6949430750000001 0.38701193749999996 0.9046875 0.4421875 0.9046875 0.4421875 0.6960340171875 0.44216169843750003 0.6952951578125 0.3796875 0.6942046656249999 0.3796875 0.6949430750000001
0 0.321875 0.78125 0.321875 0.8716260921875 0.3530630453125 0.8699915953125 0.35771379531249997 0.78125 0.321875 0.78125
0 0.3703125 0.453125 0.309375 0.453125 0.311065959375 0.55 0.3703125 0.547931065625 0.3703125 0.453125
0 0.366084559375 0.421875 0.3668117875 0.546875 0.4203125 0.546875 0.4203125 0.421875 0.366084559375 0.421875
0 0.475 0.353125 0.475 0.5562362484375 0.5519432531249999 0.5553409328125001 0.5531197109375 0.353125 0.475 0.353125
0 0.6125 0.553125 0.6125 0.4376504859375 0.55 0.434375 0.5527639375 0.553125 0.6125 0.553125
0 0.5828125 0.0515625 0.5828125 0.20454227656250001 0.667198134375 0.2025781796875 0.6733515515625 0.0515625 0.5828125 0.0515625
0 0.55625 0.0125 0.48125 0.0125 0.48238629531250005 0.2078125 0.55625 0.2073827734375 0.55625 0.0125
0 0.384375 0.05 0.384375 0.20464560625 0.4638250484375 0.2027963859375 0.46560299531249993 0.05 0.384375 0.05
0 0.371875 0.2 0.371875 0.032054828125000004 0.2875 0.028125 0.2884999390625 0.2 0.371875 0.2