0 0.3984375 0.04609375 0.328125 0.04609375 0.328125 0.18515625 0.3984375 0.18515625 0.3984375 0.04609375
0 0.4890625 0.1109375 0.4125 0.1109375 0.4125 0.18125 0.4890625 0.18125 0.4890625 0.1109375
0 0.5796875 0.08984375 0.490625 0.08984375 0.490625 0.18359375 0.5796875 0.18359375 0.5796875 0.08984375
0 0.70390625 0.0359375 0.59921875 0.0359375 0.59921875 0.18125 0.70390625 0.18125 0.70390625 0.0359375
0 0.39140625 0.45 0.32890625 0.45 0.32890625 0.5328125 0.39140625 0.5328125 0.39140625 0.45
0 0.475 0.39375 0.3625 0.39375 0.3625 0.5359375 0.475 0.5359375 0.475 0.39375
0 0.56328125 0.4 0.50703125 0.4 0.50703125 0.5375 0.56328125 0.5375 0.56328125 0.4
0 0.68203125 0.43359375 0.61328125 0.43359375 0.61328125 0.53828125 0.68203125 0.53828125 0.68203125 0.43359375
0 0.6125 0.35625 0.5375 0.35625 0.5375 0.534375 0.6125 0.534375 0.6125 0.35625
0 0.3671875 0.82734375 0.3140625 0.82734375 0.3140625 0.88671875 0.3671875 0.88671875 0.3671875 0.82734375
0 0.3765625 0.76484375 0.340625 0.76484375 0.340625 0.84765625 0.3765625 0.84765625 0.3765625 0.76484375
0 0.5609375 0.79375 0.5125 0.79375 0.5125 0.8921875 0.5609375 0.8921875 0.5609375 0.79375
0 0.65078125 0.7859375 0.61328125 0.7859375 0.61328125 0.884375 0.65078125 0.884375 0.65078125 0.7859375
0 0.63828125 0.79375 0.59140625 0.79375 0.59140625 0.8484375 0.63828125 0.8484375 0.63828125 0.79375
0 0.50078125 0.7171875 0.41796875 0.7171875 0.41796875 0.8734375 0.50078125 0.8734375 0.50078125 0.7171875