0 0.375 0.0203125 0.3125 0.0203125 0.31768290781249997 0.1984375 0.375 0.1971034296875 0.375 0.0203125
0 0.4609375 0.2015625 0.4609375 0.0449571734375 0.39099661406249997 0.044143337500000004 0.4001652375 0.2015625 0.4609375 0.2015625
0 0.4796875 0.009375 0.4796875 0.20625 0.553125 0.20282959374999998 0.553125 0.009375 0.4796875 0.009375
0 0.6796875 0.0234375 0.5859375 0.0234375 0.589210325 0.2109375 0.6796875 0.20830488281249998 0.6796875 0.0234375
0 0.303125 0.4625 0.303125 0.5531065890625 0.3655853046875 0.5527432046875 0.3687366671875 0.4625 0.303125 0.4625
0 0.359375 0.41875 0.359375 0.5530885890625 0.4320307296875 0.54970459375 0.43279259999999997 0.41875 0.359375 0.41875
0 0.553125 0.346875 0.484375 0.346875 0.48557492812499997 0.553125 0.553125 0.5515527546875 0.553125 0.346875
0 0.5421875 0.428125 0.5421875 0.5530742078124999 0.61573299375 0.5505059421875 0.617157025 0.428125 0.5421875 0.428125
0 0.2953125 0.840625 0.2953125 0.90926318125 0.34367291718750004 0.9075743984375 0.3467911359375 0.840625 0.2953125 0.840625
0 0.3203125 0.8609375 0.3566160625 0.8609375 0.359375 0.7819318390625 0.3203125 0.78125 0.3203125 0.8609375
0 0.390625 0.9015625 0.430896703125 0.9015625 0.4328125 0.736919425 0.390625 0.7359375 0.390625 0.9015625
0 0.38125 0.6984375 0.38125 0.8734138046875 0.44796369062499997 0.872637521875 0.4499906921875 0.6984375 0.38125 0.6984375
0 0.5375 0.846875 0.4921875 0.846875 0.4942609203125 0.90625 0.5375 0.9054952593750001 0.5375 0.846875
0 0.484375 0.8109375 0.48568423281250006 0.8671875 0.53125 0.8671875 0.53125 0.8109375 0.484375 0.8109375
0 0.5817913906250001 0.90625 0.63125 0.9036579843749999 0.63125 0.8453125 0.5806135875 0.8453125 0.57812904375 0.8454427093750001 0.5809611875 0.90625 0.5817913906250001 0.90625
0 0.628125 0.8015625 0.565625 0.8015625 0.5664249781249999 0.8703125 0.628125 0.8670789390625 0.628125 0.8015625