0 0.309375 0.825 0.265625 0.825 0.265625 0.8953125 0.309375 0.8953125 0.309375 0.825
0 0.6265625 0.7796875 0.5796875 0.7796875 0.5796875 0.890625 0.6265625 0.890625 0.6265625 0.7796875
0 0.4171875 0.70234375 0.3453125 0.70234375 0.3453125 0.88671875 0.4171875 0.88671875 0.4171875 0.70234375
0 0.53828125 0.8171875 0.47421875 0.8171875 0.47421875 0.890625 0.53828125 0.890625 0.53828125 0.8171875
0 0.34453125 0.79453125 0.30390625 0.79453125 0.30390625 0.88359375 0.34453125 0.88359375 0.34453125 0.79453125
0 0.353125 0.4625 0.303125 0.4625 0.303125 0.5140625 0.353125 0.5140625 0.353125 0.4625
0 0.42265625 0.37734375 0.31328125 0.37734375 0.31328125 0.51328125 0.42265625 0.51328125 0.42265625 0.37734375
0 0.53125 0.4046875 0.478125 0.4046875 0.478125 0.515625 0.53125 0.515625 0.53125 0.4046875
0 0.6453125 0.40234375 0.58125 0.40234375 0.58125 0.50234375 0.6453125 0.50234375 0.6453125 0.40234375
0 0.57578125 0.32734375 0.48515625 0.32734375 0.48515625 0.50703125 0.57578125 0.50703125 0.57578125 0.32734375
0 0.353125 0.01875 0.265625 0.01875 0.265625 0.184375 0.353125 0.184375 0.353125 0.01875
0 0.446875 0.06953125 0.353125 0.06953125 0.353125 0.17265625 0.446875 0.17265625 0.446875 0.06953125
0 0.696875 0.02734375 0.5703125 0.02734375 0.5703125 0.16953125 0.696875 0.16953125 0.696875 0.02734375
0 0.52578125 0.0359375 0.42890625 0.0359375 0.42890625 0.165625 0.52578125 0.165625 0.52578125 0.0359375