0 0.359375 0.1796875 0.359375 0.01755568125 0.284375 0.0140625 0.286302221875 0.1796875 0.359375 0.1796875
0 0.37031832656249997 0.175 0.45 0.1703590703125 0.45 0.0671875 0.3665273328125 0.0671875 0.365626425 0.067239971875 0.3700173109375 0.175 0.37031832656249997 0.175
0 0.5296875 0.0407198796875 0.43843424375 0.0359375 0.4379316484375 0.0359375 0.440358378125 0.17496485781249999 0.44102893125 0.175 0.5296875 0.175 0.5296875 0.0407198796875
0 0.5798137015625 0.040625 0.58205013125 0.16875 0.690625 0.16875 0.690625 0.040625 0.5798137015625 0.040625
0 0.3546875 0.5171875 0.3546875 0.4624832796875 0.3015625 0.4609375 0.3045104375 0.5171875 0.3546875 0.5171875
0 0.321875 0.3859375 0.321875 0.5122855140625 0.4160660734375 0.5095448328125001 0.42326538124999996 0.3859375 0.321875 0.3859375
0 0.5296875 0.4109375 0.48125 0.4109375 0.48657266562499996 0.5125 0.5296875 0.511496490625 0.5296875 0.4109375
0 0.64375 0.403125 0.5875 0.403125 0.58811814375 0.509375 0.64375 0.5064594578125 0.64375 0.403125
0 0.584375 0.5140625 0.584375 0.33456068437500003 0.503125 0.33125 0.5084443000000001 0.5140625 0.584375 0.5140625
0 0.3140625 0.8984375 0.3140625 0.8337885015625 0.265625 0.83125 0.266406796875 0.8984375 0.3140625 0.8984375
0 0.571875 0.784375 0.571875 0.9031048984375 0.6231072281250001 0.9028068375 0.6265532421875 0.784375 0.571875 0.784375
0 0.475 0.9 0.5370718078125 0.9 0.540625 0.8389940328125001 0.475 0.8359375 0.475 0.9
0 0.4140625 0.8921875 0.4140625 0.7086852046875001 0.3390625 0.7078125 0.34013516250000003 0.8921875 0.4140625 0.8921875
0 0.34375 0.884375 0.34375 0.8054911375 0.303125 0.803125 0.3050161140625 0.884375 0.34375 0.884375