0 0.340625 0.909375 0.340625 0.8446718765625001 0.2984378171875 0.8422147531249999 0.2996101046875 0.909375 0.340625 0.909375
0 0.63125 0.9140625 0.63125 0.8036915656250001 0.590625 0.8015625 0.5945535859375 0.9140625 0.63125 0.9140625
0 0.615625 0.8203125 0.578125 0.8203125 0.5792887624999999 0.8703125 0.615625 0.8692552234375001 0.615625 0.8203125
0 0.4875 0.809375 0.48808178281250003 0.909375 0.5375 0.909375 0.5375 0.809375 0.4875 0.809375
0 0.4421875 0.696875 0.378125 0.696875 0.38412626250000004 0.903125 0.4421875 0.901435590625 0.4421875 0.696875
0 0.359375 0.7828125 0.3234375 0.7828125 0.326438503125 0.86875 0.359375 0.8672159578124999 0.359375 0.7828125
0 0.3671875 0.55 0.3671875 0.465188996875 0.3078149484375 0.46415264531249995 0.31131295937500003 0.55 0.3671875 0.55
0 0.35625 0.546875 0.4268214921875 0.546875 0.43125 0.42005912968750003 0.35625 0.41875 0.35625 0.546875
0 0.484375 0.34805909218750003 0.4926671296875 0.5515625 0.55 0.5515625 0.55 0.3503507671875 0.5499691609374999 0.349593921875 0.484375 0.3473033234375 0.484375 0.34805909218750003
0 0.615625 0.55 0.615625 0.43365080312500004 0.546875 0.43125 0.5524058703125 0.55 0.615625 0.55
0 0.675 0.2125 0.675 0.0586985203125 0.5765625 0.0546875 0.582073434375 0.2125 0.675 0.2125
0 0.5515625 0.0125 0.484375 0.0125 0.4911408984375 0.20625 0.5515625 0.20519533750000002 0.5515625 0.0125
0 0.390625 0.2 0.46541605625000004 0.2 0.4671875 0.0477624703125 0.390625 0.04375 0.390625 0.2
0 0.284375 0.03125 0.284375 0.196796471875 0.37137629843750003 0.1957841203125 0.37808055 0.03125 0.284375 0.03125