0 0.6015625 0.8 0.6015625 0.8515625 0.640625 0.8515625 0.640625 0.8 0.6015625 0.8
0 0.478125 0.0875 0.478125 0.2046875 0.5765625 0.2046875 0.5765625 0.0875 0.478125 0.0875
0 0.4140625 0.44375 0.3515625 0.44375 0.3515625 0.534375 0.4125 0.534375 0.4140625 0.5328125 0.4140625 0.5015625 0.4125 0.5 0.4125 0.4921875 0.4140625 0.490625 0.4140625 0.44375
0 0.4875 0.8703125 0.4875 0.6953125 0.4125 0.6953125 0.4125 0.871875 0.4859375 0.871875 0.4875 0.8703125
0 0.3609375 0.84375 0.371875 0.84375 0.3734375 0.8453125 0.3734375 0.846875 0.3984375 0.846875 0.3984375 0.75625 0.3609375 0.75625 0.3609375 0.84375
0 0.64375 0.8484375 0.6375 0.8546875 0.628125 0.8546875 0.6265625 0.853125 0.6234375 0.853125 0.6234375 0.884375 0.675 0.884375 0.6765625 0.8828125 0.6765625 0.88125 0.678125 0.8796875 0.678125 0.7578125 0.6234375 0.7578125 0.6234375 0.7953125 0.6265625 0.7953125 0.628125 0.79375 0.640625 0.79375 0.6421875 0.7953125 0.6421875 0.796875 0.64375 0.7984375 0.64375 0.8484375
0 0.5234375 0.7875 0.5234375 0.8796875 0.5765625 0.8796875 0.5765625 0.7875 0.5234375 0.7875
0 0.6015625 0.528125 0.6015625 0.5265625 0.5984375 0.5234375 0.5984375 0.521875 0.596875 0.5203125 0.596875 0.51875 0.5953125 0.5171875 0.5953125 0.50625 0.59375 0.5046875 0.59375 0.4921875 0.5953125 0.490625 0.5953125 0.478125 0.596875 0.4765625 0.596875 0.465625 0.5984375 0.4640625 0.5984375 0.4578125 0.596875 0.45625 0.596875 0.4328125 0.5984375 0.43125 0.5984375 0.4203125 0.6015625 0.4171875 0.603125 0.4171875 0.60509179375 0.4152931421875 0.6265625 0.415625 0.6265625 0.353125 0.5296875 0.353125 0.5296875 0.540625 0.609375 0.540625 0.6046875 0.5359375 0.6046875 0.534375 0.603125 0.5328125 0.603125 0.5296875 0.6015625 0.528125
0 0.6109375 0.15 0.6109375 0.2046875 0.68125 0.2046875 0.68125 0.15 0.6109375 0.15
0 0.393799459375 0.1971198109375 0.3941039890625 0.10124140781249999 0.355732540625 0.10002382968750001 0.35360080312500003 0.196618521875 0.3733956 0.1967139578125 0.393799459375 0.1971198109375
0 0.4203125 0.184375 0.0875 0.0328125
0 0.61875 0.47109375 0.02421875 0.1328125
0 0.6703125 0.4390625 0.0890625 0.2
0 0.35625 0.78828125 0.06171875 0.171875
0 0.4578125 0.4515625 0.04765625 0.159375
0 0.4453125 0.7984375 0.07421875 0.0703125