0 0.2734375 0.8296875 0.2734375 0.8999714296875 0.317931840625 0.898417653125 0.31873158749999997 0.8296875 0.2734375 0.8296875
0 0.578125 0.896875 0.619806653125 0.896875 0.621875 0.7783795296875 0.578125 0.778125 0.578125 0.896875
0 0.5359375 0.89375 0.5359375 0.825565484375 0.475 0.8234375 0.47786501406250004 0.89375 0.5359375 0.89375
0 0.425 0.8953125 0.425 0.712974084375 0.3375 0.7109375 0.34716268437500003 0.8953125 0.425 0.8953125
0 0.346875 0.8828125 0.346875 0.797441565625 0.30625 0.7953125 0.308795990625 0.8828125 0.346875 0.8828125
0 0.29375 0.5171875 0.3566834421875 0.5171875 0.3578125 0.46867857187500006 0.29375 0.4671875 0.29375 0.5171875
0 0.309375 0.38125 0.309375 0.5155522046875001 0.42499738750000005 0.5128610625000001 0.42806066875 0.38125 0.309375 0.38125
0 0.53125 0.4046875 0.475 0.4046875 0.48056832656250004 0.5109375 0.53125 0.510347765625 0.53125 0.4046875
0 0.64375 0.5078125 0.64375 0.39676720312499997 0.58125 0.3953125 0.58255905625 0.5078125 0.64375 0.5078125
0 0.578125 0.3234375 0.4828125 0.3234375 0.49296650781249995 0.5171875 0.578125 0.515701053125 0.578125 0.3234375
0 0.56875 0.0328125 0.56875 0.17020074062499999 0.68269839375 0.1675485625 0.68740348125 0.0328125 0.56875 0.0328125
0 0.4172433046875 0.040625 0.41964337656249995 0.178125 0.51875 0.178125 0.51875 0.040625 0.4172433046875 0.040625
0 0.4390625 0.0711852046875 0.3640625 0.0703125 0.3640625 0.1765625 0.4390625 0.1765625 0.4390625 0.0711852046875
0 0.353125 0.0203125 0.2734375 0.0203125 0.27635576875 0.1875 0.353125 0.18526624375 0.353125 0.0203125