0 0.3140625 0.8890625 0.3597339984375 0.8890625 0.3609375 0.8201139234375001 0.3140625 0.81875 0.3140625 0.8890625
0 0.4171875 0.709375 0.4171875 0.878125 0.5015625 0.8746869828125 0.5015625 0.709375 0.4171875 0.709375
0 0.64375 0.7765625 0.60625 0.7765625 0.6068499640625 0.8796875 0.64375 0.8786138187500001 0.64375 0.7765625
0 0.3703125 0.8515625 0.3703125 0.761983175 0.334375 0.7609375 0.3396533046875 0.8515625 0.3703125 0.8515625
0 0.5546875 0.8796875 0.5546875 0.7852140624999999 0.503125 0.7828125 0.50650795 0.8796875 0.5546875 0.8796875
0 0.634375 0.7921875 0.584375 0.7921875 0.586230165625 0.8453125 0.634375 0.844752284375 0.634375 0.7921875
0 0.3828125 0.5265625 0.3828125 0.44690374374999997 0.328125 0.4453125 0.3323831328125 0.5265625 0.3828125 0.5265625
0 0.3546875 0.3910415234375 0.3546875 0.524872690625 0.4570303 0.5224906359375 0.46240341249999994 0.390625 0.354704471875 0.390625 0.3546875 0.3910415234375
0 0.4984375 0.5234375 0.549798540625 0.5234375 0.55625 0.40033634375 0.4984375 0.4 0.4984375 0.5234375
0 0.6671875 0.521875 0.6671875 0.42322060156249997 0.609375 0.421875 0.614615778125 0.521875 0.6671875 0.521875
0 0.6125 0.5234375 0.6125 0.35181837968749996 0.534375 0.35 0.5374023625000001 0.5234375 0.6125 0.5234375
0 0.696875 0.1796875 0.696875 0.0353883546875 0.5953125 0.03125 0.6030917796875 0.1796875 0.696875 0.1796875
0 0.4734375 0.05625 0.4734375 0.179511859375 0.5691269671875 0.1756128125 0.573295209375 0.05625 0.4734375 0.05625
0 0.396875 0.18125 0.474339446875 0.18125 0.4796875 0.0894274828125 0.396875 0.0875 0.396875 0.18125
0 0.3875 0.18125 0.3875 0.03147263125 0.315625 0.028125 0.3174067703125 0.18125 0.3875 0.18125