0 0.37578125 0.03125 0.29765625 0.03125 0.29765625 0.2046875 0.37578125 0.2046875 0.37578125 0.03125
0 0.46171875 0.04609375 0.39140625 0.04609375 0.39140625 0.20390625 0.46171875 0.20390625 0.46171875 0.04609375
0 0.5578125 0.0125 0.4828125 0.0125 0.4828125 0.20625 0.5578125 0.20625 0.5578125 0.0125
0 0.68984375 0.0359375 0.58046875 0.0359375 0.58046875 0.209375 0.68984375 0.209375 0.68984375 0.0359375
0 0.36953125 0.44609375 0.30390625 0.44609375 0.30390625 0.54609375 0.36953125 0.54609375 0.36953125 0.44609375
0 0.428125 0.4171875 0.3640625 0.4171875 0.3640625 0.5484375 0.428125 0.5484375 0.428125 0.4171875
0 0.55703125 0.36328125 0.48515625 0.36328125 0.48515625 0.55078125 0.55703125 0.55078125 0.55703125 0.36328125
0 0.61484375 0.42890625 0.54921875 0.42890625 0.54921875 0.55078125 0.61484375 0.55078125 0.61484375 0.42890625
0 0.34140625 0.83515625 0.29453125 0.83515625 0.29453125 0.90703125 0.34140625 0.90703125 0.34140625 0.83515625
0 0.3640625 0.784375 0.3203125 0.784375 0.3203125 0.8703125 0.3640625 0.8703125 0.3640625 0.784375
0 0.5390625 0.84453125 0.490625 0.84453125 0.490625 0.90546875 0.5390625 0.90546875 0.5390625 0.84453125
0 0.534375 0.8015625 0.4796875 0.8015625 0.4796875 0.86875 0.534375 0.86875 0.534375 0.8015625
0 0.634375 0.80078125 0.584375 0.80078125 0.584375 0.90703125 0.634375 0.90703125 0.634375 0.80078125
0 0.6265625 0.81875 0.5734375 0.81875 0.5734375 0.86875 0.6265625 0.86875 0.6265625 0.81875
0 0.45 0.69453125 0.3734375 0.69453125 0.3734375 0.90859375 0.45 0.90859375 0.45 0.69453125