0 0.340625 0.84140625 0.2984375 0.84140625 0.2984375 0.91015625 0.340625 0.91015625 0.340625 0.84140625
0 0.63125 0.80234375 0.590625 0.80234375 0.590625 0.91484375 0.63125 0.91484375 0.63125 0.80234375
0 0.61640625 0.82109375 0.57734375 0.82109375 0.57734375 0.87109375 0.61640625 0.87109375 0.61640625 0.82109375
0 0.53828125 0.81015625 0.48828125 0.81015625 0.48828125 0.90859375 0.53828125 0.90859375 0.53828125 0.81015625
0 0.4421875 0.69609375 0.378125 0.69609375 0.378125 0.90390625 0.4421875 0.90390625 0.4421875 0.69609375
0 0.359375 0.7828125 0.3234375 0.7828125 0.3234375 0.86875 0.359375 0.86875 0.359375 0.7828125
0 0.3671875 0.46328125 0.3078125 0.46328125 0.3078125 0.55078125 0.3671875 0.55078125 0.3671875 0.46328125
0 0.43203125 0.41875 0.35546875 0.41875 0.35546875 0.546875 0.43203125 0.546875 0.43203125 0.41875
0 0.55078125 0.34765625 0.48359375 0.34765625 0.48359375 0.55234375 0.55078125 0.55234375 0.55078125 0.34765625
0 0.61640625 0.43203125 0.54765625 0.43203125 0.54765625 0.55078125 0.61640625 0.55078125 0.61640625 0.43203125
0 0.675 0.0546875 0.5765625 0.0546875 0.5765625 0.2125 0.675 0.2125 0.675 0.0546875
0 0.5515625 0.0125 0.484375 0.0125 0.484375 0.20625 0.5515625 0.20625 0.5515625 0.0125
0 0.4671875 0.04453125 0.390625 0.04453125 0.390625 0.19921875 0.4671875 0.19921875 0.4671875 0.04453125
0 0.378125 0.03203125 0.284375 0.03203125 0.284375 0.19765625 0.378125 0.19765625 0.378125 0.03203125