0 0.2703125 0.00234375 0.184375 0.00234375 0.184375 0.20546875 0.2703125 0.20546875 0.2703125 0.00234375
0 0.38125 0.0625 0.284375 0.0625 0.284375 0.20625 0.38125 0.20625 0.38125 0.0625
0 0.47421875 0.04609375 0.36328125 0.04609375 0.36328125 0.19765625 0.47421875 0.19765625 0.47421875 0.04609375
0 0.646875 0.06875 0.5078125 0.06875 0.5078125 0.2109375 0.646875 0.2109375 0.646875 0.06875
0 0.2828125 0.43359375 0.221875 0.43359375 0.221875 0.51953125 0.2828125 0.51953125 0.2828125 0.43359375
0 0.34375 0.38984375 0.253125 0.38984375 0.253125 0.56484375 0.34375 0.56484375 0.34375 0.38984375
0 0.44453125 0.36875 0.39609375 0.36875 0.39609375 0.5125 0.44453125 0.5125 0.44453125 0.36875
0 0.503125 0.3671875 0.4015625 0.3671875 0.4015625 0.5609375 0.503125 0.5609375 0.503125 0.3671875
0 0.35859375 0.4734375 0.31796875 0.4734375 0.31796875 0.51875 0.35859375 0.51875 0.35859375 0.4734375
0 0.56015625 0.42890625 0.49765625 0.42890625 0.49765625 0.55546875 0.56015625 0.55546875 0.56015625 0.42890625
0 0.2625 0.8046875 0.2203125 0.8046875 0.2203125 0.86875 0.2625 0.86875 0.2625 0.8046875
0 0.28203125 0.721875 0.24140625 0.721875 0.24140625 0.8 0.28203125 0.8 0.28203125 0.721875
0 0.35 0.7609375 0.284375 0.7609375 0.284375 0.86875 0.35 0.86875 0.35 0.7609375
0 0.44296875 0.8109375 0.39609375 0.8109375 0.39609375 0.8703125 0.44296875 0.8703125 0.44296875 0.8109375
0 0.5265625 0.76640625 0.4890625 0.76640625 0.4890625 0.87109375 0.5265625 0.87109375 0.5265625 0.76640625
0 0.4515625 0.7359375 0.403125 0.7359375 0.403125 0.796875 0.4515625 0.796875 0.4515625 0.7359375