0 0.35703125 0.01484375 0.28203125 0.01484375 0.28203125 0.17265625 0.35703125 0.17265625 0.35703125 0.01484375
0 0.4484375 0.06953125 0.365625 0.06953125 0.365625 0.17421875 0.4484375 0.17421875 0.4484375 0.06953125
0 0.5234375 0.02109375 0.428125 0.02109375 0.428125 0.16796875 0.5234375 0.16796875 0.5234375 0.02109375
0 0.69375 0.01875 0.5765625 0.01875 0.5765625 0.159375 0.69375 0.159375 0.69375 0.01875
0 0.359375 0.46484375 0.309375 0.46484375 0.309375 0.51796875 0.359375 0.51796875 0.359375 0.46484375
0 0.434375 0.37734375 0.31875 0.37734375 0.31875 0.51171875 0.434375 0.51171875 0.434375 0.37734375
0 0.528125 0.40625 0.48125 0.40625 0.48125 0.5140625 0.528125 0.5140625 0.528125 0.40625
0 0.6484375 0.39765625 0.5859375 0.39765625 0.5859375 0.50390625 0.6484375 0.50390625 0.6484375 0.39765625
0 0.58828125 0.32734375 0.50078125 0.32734375 0.50078125 0.50703125 0.58828125 0.50703125 0.58828125 0.32734375
0 0.3296875 0.83125 0.271875 0.83125 0.271875 0.8984375 0.3296875 0.8984375 0.3296875 0.83125
0 0.3546875 0.79609375 0.3078125 0.79609375 0.3078125 0.88671875 0.3546875 0.88671875 0.3546875 0.79609375
0 0.55 0.81875 0.478125 0.81875 0.478125 0.89375 0.55 0.89375 0.55 0.81875
0 0.63359375 0.77734375 0.58203125 0.77734375 0.58203125 0.89140625 0.63359375 0.89140625 0.63359375 0.77734375
0 0.428125 0.70234375 0.346875 0.70234375 0.346875 0.88828125 0.428125 0.88828125 0.428125 0.70234375