0 0.359375 0.1859375 0.359375 0.028351784375 0.275 0.0234375 0.282568559375 0.1859375 0.359375 0.1859375
0 0.453125 0.06875 0.3734375 0.06875 0.375910496875 0.175 0.453125 0.1723036109375 0.453125 0.06875
0 0.5234375 0.178125 0.5234375 0.057273153125 0.434375 0.053125 0.435102228125 0.178125 0.5234375 0.178125
0 0.5765625 0.0348063875 0.5765625 0.035186876562500004 0.5820684453125 0.1703125 0.6330474609375 0.1703125 0.696875 0.1688268984375 0.696875 0.034375 0.5950966921874999 0.034375 0.5765625 0.0348063875
0 0.303125 0.5140625 0.3579127796875 0.5140625 0.359375 0.4638092328125 0.303125 0.4625 0.303125 0.5140625
0 0.325 0.515625 0.42657910781249997 0.515625 0.43125 0.38186814375 0.325 0.38125 0.325 0.515625
0 0.5875 0.328125 0.4890625 0.328125 0.4983976359375 0.50625 0.5875 0.501060378125 0.5875 0.328125
0 0.5390625 0.5109375 0.5390625 0.408114028125 0.475 0.40625 0.4768273265625 0.5109375 0.5390625 0.5109375
0 0.6484375 0.403125 0.5828125 0.403125 0.588818846875 0.50625 0.6484375 0.5052093515625 0.6484375 0.403125
0 0.271875 0.846875 0.271875 0.9030296718749999 0.31547381093750004 0.9017610765624999 0.3186705609375 0.846875 0.271875 0.846875
0 0.346875 0.8046875 0.309375 0.8046875 0.3130676859375 0.8953125 0.346875 0.8937378984375 0.346875 0.8046875
0 0.584375 0.7921875 0.584375 0.9014958015625 0.6255178984375 0.9010170593750001 0.6312214140625 0.7921875 0.584375 0.7921875
0 0.5375 0.9 0.5375 0.83571953125 0.47982536875 0.8343771390624999 0.480588959375 0.9 0.5375 0.9
0 0.41875 0.7109375 0.346875 0.7109375 0.35670145937500003 0.8984375 0.41875 0.8951856734374999 0.41875 0.7109375