0 0.3703125 0.1953125 0.3703125 0.0274715671875 0.2921875 0.0265625 0.30103131250000004 0.1953125 0.3703125 0.1953125
0 0.46875 0.2046875 0.46875 0.0442317890625 0.3859375 0.04375 0.393433284375 0.2046875 0.46875 0.2046875
0 0.559375 0.2078125 0.559375 0.013611121875000002 0.4828125 0.0109375 0.49313028125 0.2078125 0.559375 0.2078125
0 0.5796875 0.047801396875 0.5796875 0.20902864999999998 0.6715162328125001 0.20421610937499998 0.6779273906250001 0.046875 0.5797252484375 0.046875 0.5796875 0.047801396875
0 0.3078125 0.465625 0.3078125 0.546847490625 0.36482336718749997 0.5461841093750001 0.367167396875 0.465625 0.3078125 0.465625
0 0.3609375 0.425 0.3609375 0.548337146875 0.43065789062500004 0.54508986875 0.4327540671875 0.425 0.3609375 0.425
0 0.553125 0.553125 0.553125 0.3628142609375 0.4875 0.359375 0.48975448593750004 0.553125 0.553125 0.553125
0 0.546875 0.4265625 0.546875 0.551520178125 0.61729549375 0.5494711515625 0.618725665625 0.4265625 0.546875 0.4265625
0 0.337337521875 0.909375 0.340625 0.84664618125 0.340625 0.8463883687499999 0.295352909375 0.8437515687499999 0.2953125 0.844522625 0.2953125 0.909375 0.337337521875 0.909375
0 0.3609375 0.8671875 0.3609375 0.7829053421875 0.3203125 0.78125 0.32481629375 0.8671875 0.3609375 0.8671875
0 0.63125 0.7953125 0.5828125 0.7953125 0.588052271875 0.9078125 0.63125 0.906555575 0.63125 0.7953125
0 0.61875 0.8125 0.571875 0.8125 0.5745676609375 0.8703125 0.61875 0.86954129375 0.61875 0.8125
0 0.4859375 0.8110155875 0.4859375 0.909334375 0.5336463421875 0.9079461906249999 0.53590424375 0.8109375 0.48862121875 0.8109375 0.4859375 0.8110155875
0 0.3796875 0.69375 0.3796875 0.89375 0.4453125 0.8899277796874999 0.4453125 0.69375 0.3796875 0.69375