0 0.33125 0.05 0.33125 0.1842293296875 0.392178884375 0.18281119375 0.3983646640625 0.05 0.33125 0.05
0 0.403125 0.18125 0.48717854374999997 0.18125 0.4890625 0.116502603125 0.403125 0.1125 0.403125 0.18125
0 0.4890625 0.1828125 0.5760031265625 0.1828125 0.578125 0.09164815312499999 0.4890625 0.0875 0.4890625 0.1828125
0 0.70625 0.1875 0.70625 0.043264521875 0.603125 0.0390625 0.6117705 0.1875 0.70625 0.1875
0 0.3890625 0.528125 0.3890625 0.44492276249999996 0.321875 0.44375 0.32383885 0.528125 0.3890625 0.528125
0 0.3625 0.39375 0.3625 0.531194128125 0.46238589374999994 0.5300318500000001 0.4671449609375 0.39375 0.3625 0.39375
0 0.559375 0.403125 0.5109375 0.403125 0.5139196421875 0.53125 0.559375 0.529927384375 0.559375 0.403125
0 0.615625 0.4390625 0.615625 0.5328125 0.673288678125 0.5328125 0.6765625 0.4390625 0.615625 0.4390625
0 0.621875 0.53125 0.621875 0.3542522421875 0.525 0.353125 0.5260363015625 0.53125 0.621875 0.53125
0 0.36875 0.828125 0.315625 0.828125 0.31627952812500004 0.884375 0.36875 0.881625140625 0.36875 0.828125
0 0.3359375 0.8515625 0.379359346875 0.8515625 0.38125 0.770332346875 0.3359375 0.76875 0.3359375 0.8515625
0 0.5078125 0.7234629265625 0.4168402953125 0.721875 0.41614647031249996 0.721875 0.424170775 0.874987878125 0.4248652359375 0.875 0.5078125 0.875 0.5078125 0.7234629265625
0 0.503125 0.7984375 0.503125 0.888868975 0.5556823140625 0.8861145625000001 0.55925488125 0.7984375 0.503125 0.7984375
0 0.653125 0.8890625 0.653125 0.8025807921875 0.609375 0.8015625 0.6129403515625 0.8890625 0.653125 0.8890625
0 0.6306177390625 0.853125 0.63125 0.7987884937499999 0.63125 0.7975878265625 0.5891053984375 0.795379121875 0.5890625 0.7990658109375001 0.5890625 0.853125 0.6306177390625 0.853125