0 0.375 0.1984375 0.375 0.0235879859375 0.3125 0.0203125 0.3156091828125 0.1984375 0.375 0.1984375
0 0.3918241484375 0.203125 0.4609375 0.2015163671875 0.4609375 0.04375 0.3918241484375 0.04375 0.39109738437499997 0.043766915625 0.39109738437499997 0.203125 0.3918241484375 0.203125
0 0.4796875 0.009375 0.4796875 0.20625 0.5428072187499999 0.20625 0.553125 0.009375 0.4796875 0.009375
0 0.6796875 0.2109375 0.6796875 0.025619556249999998 0.5859375 0.0234375 0.5957639593749999 0.2109375 0.6796875 0.2109375
0 0.36875 0.553125 0.36875 0.4640274390625 0.303125 0.4625 0.3052343203125 0.553125 0.36875 0.553125
0 0.359375 0.4199312078125 0.359375 0.5515625 0.39687814062500004 0.5515625 0.42972125468750005 0.5506068625 0.4327902578125 0.41875 0.3737766234375 0.41875 0.3593927515625 0.419168528125 0.359375 0.4199312078125
0 0.553125 0.346875 0.484375 0.346875 0.49518410468749996 0.553125 0.553125 0.5521136375 0.553125 0.346875
0 0.5421875 0.42970233125 0.5421875 0.5530881187500001 0.6164693609375 0.5487616921875 0.6171621140625 0.4296875 0.5424421390624999 0.4296875 0.5421875 0.42970233125
0 0.346875 0.843444440625 0.2953125 0.8410428781249999 0.2953125 0.9078125 0.346875 0.9078125 0.346875 0.843444440625
0 0.359375 0.78125 0.3203125 0.78125 0.3235595171875 0.8609375 0.359375 0.8592693671875 0.359375 0.78125
0 0.390625 0.7359375 0.390625 0.9014951999999999 0.430885278125 0.9000892796875 0.4327953578125 0.7359375 0.390625 0.7359375
0 0.38125 0.8734375 0.44395872187499996 0.8734375 0.45 0.7004379203125 0.38125 0.6984375 0.38125 0.8734375
0 0.4989475078125 0.90625 0.5375 0.9060257078125 0.5375 0.8484375 0.503380325 0.8484375 0.49218977500000005 0.8485026046874999 0.49521618749999996 0.90625 0.4989475078125 0.90625
0 0.53125 0.8109375 0.484375 0.8109375 0.48601170781249997 0.8671875 0.53125 0.86534418125 0.53125 0.8109375
0 0.578125 0.84375 0.578125 0.9062119031250001 0.6301590578125 0.9043948343749999 0.6312176171874999 0.84375 0.578125 0.84375
0 0.628125 0.8015625 0.565625 0.8015625 0.5680258031250001 0.8703125 0.628125 0.8699628531249999 0.628125 0.8015625