0 0.375 0.7765625 0.375 0.8437272515625001 0.421093203125 0.8423860765625 0.4218591296875 0.7765625 0.375 0.7765625
0 0.646875 0.7609375 0.646875 0.8655505421875 0.6926093109375 0.864752246875 0.6968394375 0.7609375 0.646875 0.7609375
0 0.596875 0.85625 0.596875 0.7952215828125 0.554828125 0.7937532734375 0.55664659375 0.85625 0.596875 0.85625
0 0.4265625 0.846875 0.49311946406249996 0.846875 0.4984375 0.694586340625 0.4265625 0.69375 0.4265625 0.846875
0 0.6261851578125001 0.8265625 0.6265625 0.7617028343750001 0.6265625 0.76097866875 0.5781292125 0.759851371875 0.578125 0.7605754390625 0.578125 0.8265625 0.6261851578125001 0.8265625
0 0.4078125 0.50625 0.46123156718749997 0.50625 0.465625 0.43081766093749996 0.4078125 0.428125 0.4078125 0.50625
0 0.4140625 0.50625 0.494462440625 0.50625 0.496875 0.368034596875 0.4140625 0.365625 0.4140625 0.50625
0 0.5703125 0.3199286 0.571387396875 0.5046875 0.6484375 0.5046875 0.6484375 0.3240229578125 0.64843303125 0.32325484531250004 0.5703125 0.319160721875 0.5703125 0.3199286
0 0.6578125 0.3855574640625 0.6578125 0.5015625 0.7235085296875 0.5015625 0.732329484375 0.5014085296874999 0.7343723125 0.384375 0.6820192359374999 0.384375 0.65782576875 0.3847972984375 0.6578125 0.3855574640625
0 0.653125 0.1421875 0.765031403125 0.1421875 0.771875 0.0116039 0.653125 0.0046875 0.653125 0.1421875
0 0.6171875 0.0203125 0.5140625 0.0203125 0.5171901125 0.1546875 0.6171875 0.148863315625 0.6171875 0.0203125
0 0.528125 0.0546875 0.4421875 0.0546875 0.4481652625 0.16875 0.528125 0.1682848078125 0.528125 0.0546875
0 0.3640625 0.175 0.44405537187500005 0.175 0.446875 0.0134636109375 0.3640625 0.0125 0.3640625 0.175