0 0.2203125 0.203125 0.2203125 0.007008687500000001 0.125 0.003125 0.13081940625 0.203125 0.2203125 0.203125
0 0.31875 0.0609375 0.234375 0.0609375 0.2369114390625 0.20625 0.31875 0.203868740625 0.31875 0.0609375
0 0.428125 0.0390625 0.3140625 0.0390625 0.3168444015625 0.1984375 0.428125 0.1977900875 0.428125 0.0390625
0 0.4734375 0.046875 0.4734375 0.2031038421875 0.586988240625 0.2024432234375 0.59060913125 0.046875 0.4734375 0.046875
0 0.240625 0.444077253125 0.184375 0.44375 0.184375 0.5328125 0.240625 0.5328125 0.240625 0.444077253125
0 0.3171875 0.56875 0.3171875 0.42160276249999995 0.203125 0.415625 0.211149940625 0.56875 0.3171875 0.56875
0 0.328125 0.48363070625000004 0.28125 0.4828125 0.28125 0.5234375 0.328125 0.5234375 0.328125 0.48363070625000004
0 0.375 0.56875 0.46355304999999997 0.56875 0.465625 0.3906869546875 0.375 0.3859375 0.375 0.56875
0 0.4125 0.39375 0.3625 0.39375 0.3639726875 0.5203125 0.4125 0.5180523046875 0.4125 0.39375
0 0.459375 0.553125 0.5212561124999999 0.553125 0.5265625 0.46201785937500006 0.5265625 0.44139282812499997 0.460575415625 0.440625 0.45985088125000007 0.440625 0.459375 0.44879556249999997 0.459375 0.553125
0 0.184375 0.8859375 0.2238771296875 0.8859375 0.2265625 0.8282815093749999 0.184375 0.8265625 0.184375 0.8859375
0 0.2484375 0.8171875 0.2484375 0.731898453125 0.20625 0.7296875 0.208286584375 0.8171875 0.2484375 0.8171875
0 0.31875 0.80630916875 0.31796875 0.7794593484375001 0.24765625 0.7765943328125 0.2508378109375 0.8859375 0.31875 0.8859375 0.31875 0.80630916875
0 0.3671875 0.821875 0.3671875 0.8810889312500001 0.412859565625 0.8784288374999999 0.41549360156250004 0.821875 0.3671875 0.821875
0 0.459375 0.7828125 0.459375 0.876495821875 0.4983635875 0.8749071578125 0.49997110625 0.7828125 0.459375 0.7828125
0 0.4234375 0.7375 0.3734375 0.7375 0.3738011140625 0.8 0.4234375 0.799422428125 0.4234375 0.7375
0 0.45 0.7390625 0.45 0.7952648765625 0.48898829218750006 0.7941304328125 0.4905906046875 0.7390625 0.45 0.7390625