0 0.1421875 0 0.1421875 0.19375 0.23125 0.19375 0.23125 0 0.1421875 0
0 0.3421875 0.05234375 0.25 0.05234375 0.25 0.19296875 0.3421875 0.19296875 0.3421875 0.05234375
0 0.43359375 0.0375 0.32421875 0.0375 0.32421875 0.1890625 0.43359375 0.1890625 0.43359375 0.0375
0 0.603125 0.0421875 0.478125 0.0421875 0.478125 0.1921875 0.603125 0.1921875 0.603125 0.0421875
0 0.2578125 0.42734375 0.1984375 0.42734375 0.1984375 0.51953125 0.2578125 0.51953125 0.2578125 0.42734375
0 0.3203125 0.40390625 0.2296875 0.40390625 0.2296875 0.55546875 0.3203125 0.55546875 0.3203125 0.40390625
0 0.3375 0.46875 0.3015625 0.46875 0.3015625 0.509375 0.3375 0.509375 0.3375 0.46875
0 0.54140625 0.4296875 0.47421875 0.4296875 0.47421875 0.5484375 0.54140625 0.5484375 0.54140625 0.4296875
0 0.421875 0.38125 0.371875 0.38125 0.371875 0.509375 0.421875 0.509375 0.421875 0.38125
0 0.4796875 0.37578125 0.3953125 0.37578125 0.3953125 0.55859375 0.4796875 0.55859375 0.4796875 0.37578125
0 0.2421875 0.81484375 0.1953125 0.81484375 0.1953125 0.88203125 0.2421875 0.88203125 0.2421875 0.81484375
0 0.2640625 0.72734375 0.2171875 0.72734375 0.2171875 0.80546875 0.2640625 0.80546875 0.2640625 0.72734375
0 0.33125 0.76875 0.265625 0.76875 0.265625 0.8765625 0.33125 0.8765625 0.33125 0.76875
0 0.434375 0.7359375 0.384375 0.7359375 0.384375 0.796875 0.434375 0.796875 0.434375 0.7359375
0 0.4234375 0.8171875 0.378125 0.8171875 0.378125 0.871875 0.4234375 0.871875 0.4234375 0.8171875
0 0.50703125 0.775 0.46953125 0.775 0.46953125 0.8671875 0.50703125 0.8671875 0.50703125 0.775