0 0.315625 0.0265625 0.315625 0.1890625 0.3859375 0.18865343437499998 0.3859375 0.0265625 0.315625 0.0265625
0 0.396875 0.0921875 0.396875 0.1812439703125 0.47916935 0.1802863890625 0.47968189375000003 0.0921875 0.396875 0.0921875
0 0.571875 0.0505817828125 0.471875 0.05 0.471875 0.184375 0.571875 0.184375 0.571875 0.0505817828125
0 0.696875 0.025 0.6140625 0.025 0.6203655328125001 0.1796875 0.696875 0.1783520234375 0.696875 0.025
0 0.38125 0.446875 0.3296875 0.446875 0.33263394062499996 0.53125 0.38125 0.529269046875 0.38125 0.446875
0 0.460005190625 0.5296875 0.4625 0.3867599546875 0.4625 0.38530784375 0.35786150625 0.3816537875 0.3578125 0.38446135312499996 0.3578125 0.5296875 0.460005190625 0.5296875
0 0.6046875 0.34237318437500003 0.5234375 0.3390625 0.5234375 0.5328125 0.6046875 0.5328125 0.6046875 0.34237318437500003
0 0.609375 0.525 0.6724982109375001 0.525 0.6749994796875 0.41753524375 0.609375 0.414096009375 0.609375 0.525
0 0.546875 0.4038185125 0.4984375 0.4015625 0.4984375 0.5265625 0.546875 0.5265625 0.546875 0.4038185125
0 0.3671875 0.815625 0.3125 0.815625 0.3141001734375 0.884375 0.3671875 0.88221185625 0.3671875 0.815625
0 0.5 0.70625 0.41875 0.70625 0.4228231703125 0.88125 0.5 0.878105284375 0.5 0.70625
0 0.553125 0.8796875 0.553125 0.814826159375 0.509375 0.8140625 0.5131972203124999 0.8796875 0.553125 0.8796875
0 0.6078125 0.7918108203124999 0.6083237515625 0.8796875 0.6453125 0.8796875 0.6453125 0.7915926515625 0.6453081171874999 0.790839309375 0.6078125 0.791057453125 0.6078125 0.7918108203124999
0 0.3734375 0.7640625 0.334375 0.7640625 0.33481133750000003 0.8390625 0.3734375 0.83793859375 0.3734375 0.7640625
0 0.55625 0.778125 0.50625 0.778125 0.5079776359375 0.8375 0.55625 0.8372191593749999 0.55625 0.778125
0 0.6390625 0.8375 0.6390625 0.7741102093750001 0.58125 0.7734375 0.584233759375 0.8375 0.6390625 0.8375