0 0.26875 0.8375 0.26875 0.9015625 0.3171875 0.8993064875 0.3171875 0.8375 0.26875 0.8375
0 0.625 0.903125 0.625 0.798003234375 0.5797297421875001 0.795366540625 0.5853771234375 0.903125 0.625 0.903125
0 0.34375 0.89375 0.34375 0.8058879015624999 0.309375 0.8046875 0.311447953125 0.89375 0.34375 0.89375
0 0.478125 0.8421875 0.478125 0.9 0.540625 0.8978174515624999 0.540625 0.8421875 0.478125 0.8421875
0 0.3390625 0.71875 0.3390625 0.9015625 0.425 0.8995622828125001 0.425 0.71875 0.3390625 0.71875
0 0.3609375 0.5265625 0.3609375 0.4715489984375 0.3078125 0.4703125 0.31010451250000004 0.5265625 0.3609375 0.5265625
0 0.4375 0.390625 0.37071178125 0.390625 0.3359960015625 0.3910289546875 0.3359375 0.39214523125 0.3359375 0.5265625 0.429915871875 0.5265625 0.4303818265625 0.526557078125 0.4375 0.390734253125 0.4375 0.390625
0 0.478125 0.4125 0.478125 0.5203125 0.5359375 0.5203125 0.5359375 0.4125 0.478125 0.4125
0 0.5859375 0.51875 0.6461134765625001 0.51875 0.6484375 0.4189004859375 0.5859375 0.415625 0.5859375 0.51875
0 0.5890625 0.5234375 0.5890625 0.34809001875 0.50625 0.34375 0.5135717046875 0.5234375 0.5890625 0.5234375
0 0.703125 0.0421875 0.5875 0.0421875 0.5882545 0.171875 0.703125 0.171206703125 0.703125 0.0421875
0 0.4453125 0.0349270703125 0.4501493890625 0.1734375 0.528125 0.1734375 0.528125 0.034867484375 0.5281078015625 0.034375 0.5193820375 0.034375 0.4453125 0.034805923437500004 0.4453125 0.0349270703125
0 0.45625 0.08125 0.375 0.08125 0.380158890625 0.1796875 0.45625 0.17880210000000002 0.45625 0.08125
0 0.2921875 0.18125 0.37228743125 0.18125 0.375 0.025847096874999996 0.2921875 0.0234375 0.2921875 0.18125