0 0.3171875 0.8375 0.26875 0.8375 0.26875 0.9015625 0.3171875 0.9015625 0.3171875 0.8375
0 0.62578125 0.79453125 0.57890625 0.79453125 0.57890625 0.90390625 0.62578125 0.90390625 0.62578125 0.79453125
0 0.34453125 0.8046875 0.30859375 0.8046875 0.30859375 0.89375 0.34453125 0.89375 0.34453125 0.8046875
0 0.540625 0.8421875 0.478125 0.8421875 0.478125 0.9 0.540625 0.9 0.540625 0.8421875
0 0.425 0.71875 0.3390625 0.71875 0.3390625 0.9015625 0.425 0.9015625 0.425 0.71875
0 0.3609375 0.47109375 0.3078125 0.47109375 0.3078125 0.52734375 0.3609375 0.52734375 0.3609375 0.47109375
0 0.43828125 0.39140625 0.33515625 0.39140625 0.33515625 0.52734375 0.43828125 0.52734375 0.43828125 0.39140625
0 0.5359375 0.4125 0.478125 0.4125 0.478125 0.5203125 0.5359375 0.5203125 0.5359375 0.4125
0 0.64921875 0.41484375 0.58671875 0.41484375 0.58671875 0.51953125 0.64921875 0.51953125 0.64921875 0.41484375
0 0.5890625 0.34375 0.50625 0.34375 0.50625 0.5234375 0.5890625 0.5234375 0.5890625 0.34375
0 0.70390625 0.0421875 0.58671875 0.0421875 0.58671875 0.171875 0.70390625 0.171875 0.70390625 0.0421875
0 0.52890625 0.03515625 0.44453125 0.03515625 0.44453125 0.17421875 0.52890625 0.17421875 0.52890625 0.03515625
0 0.45546875 0.08125 0.37578125 0.08125 0.37578125 0.1796875 0.45546875 0.1796875 0.45546875 0.08125
0 0.375 0.0234375 0.2921875 0.0234375 0.2921875 0.18125 0.375 0.18125 0.375 0.0234375