0 0.4015625 0.14453125 0.3171875 0.14453125 0.3171875 0.21171875 0.4015625 0.21171875 0.4015625 0.14453125
0 0.48359375 0.0734375 0.40390625 0.0734375 0.40390625 0.215625 0.48359375 0.215625 0.48359375 0.0734375
0 0.56015625 0.14609375 0.48671875 0.14609375 0.48671875 0.22109375 0.56015625 0.22109375 0.56015625 0.14609375
0 0.71796875 0.16875 0.59453125 0.16875 0.59453125 0.2171875 0.71796875 0.2171875 0.71796875 0.16875
0 0.38203125 0.46875 0.32890625 0.46875 0.32890625 0.5609375 0.38203125 0.5609375 0.38203125 0.46875
0 0.46328125 0.43359375 0.35234375 0.43359375 0.35234375 0.55859375 0.46328125 0.55859375 0.46328125 0.43359375
0 0.590625 0.36875 0.5046875 0.36875 0.5046875 0.5625 0.590625 0.5625 0.590625 0.36875
0 0.54375 0.4171875 0.490625 0.4171875 0.490625 0.559375 0.54375 0.559375 0.54375 0.4171875
0 0.67109375 0.44609375 0.60390625 0.44609375 0.60390625 0.56328125 0.67109375 0.56328125 0.67109375 0.44609375
0 0.3484375 0.85 0.3078125 0.85 0.3078125 0.91875 0.3484375 0.91875 0.3484375 0.85
0 0.375 0.79453125 0.33125 0.79453125 0.33125 0.88203125 0.375 0.88203125 0.375 0.79453125
0 0.65078125 0.8171875 0.60703125 0.8171875 0.60703125 0.91875 0.65078125 0.91875 0.65078125 0.8171875
0 0.6234375 0.82890625 0.584375 0.82890625 0.584375 0.88359375 0.6234375 0.88359375 0.6234375 0.82890625
0 0.55703125 0.81875 0.49921875 0.81875 0.49921875 0.921875 0.55703125 0.921875 0.55703125 0.81875