0 0.4 0.21875 0.4 0.1493300625 0.315625 0.146875 0.31855368125 0.21875 0.4 0.21875
0 0.396875 0.08125 0.396875 0.2140625 0.4758383046875 0.2140625 0.48125 0.08125 0.396875 0.08125
0 0.565625 0.21875 0.565625 0.1458262296875 0.4875 0.1421875 0.49151247031249995 0.21875 0.565625 0.21875
0 0.590625 0.2203125 0.7217480000000001 0.2203125 0.7234375 0.17884919531250001 0.590625 0.1734375 0.590625 0.2203125
0 0.325 0.4359375 0.33163285937500003 0.5625 0.38125 0.5625 0.38125 0.4359375 0.325 0.4359375
0 0.3796875 0.55625 0.453865721875 0.55625 0.459375 0.43796360781250004 0.3796875 0.4375 0.3796875 0.55625
0 0.521875 0.375 0.521875 0.5620932562500001 0.580329546875 0.5593706921875 0.58891675 0.375 0.521875 0.375
0 0.5421875 0.5609375 0.5421875 0.42006845937500004 0.496875 0.41875 0.501840296875 0.5609375 0.5421875 0.5609375
0 0.6671875 0.5640625 0.6671875 0.45122166249999995 0.6140625 0.4484375 0.6181002140625 0.5640625 0.6671875 0.5640625
0 0.3046875 0.9140625 0.351167284375 0.9140625 0.3515625 0.84613070625 0.3046875 0.8453125 0.3046875 0.9140625
0 0.33125 0.79375 0.33125 0.87652885 0.3740363890625 0.8750347156249999 0.37498222187499997 0.79375 0.33125 0.79375
0 0.4484375 0.725 0.365625 0.725 0.3689796453125 0.9171875 0.4484375 0.9148755140624999 0.4484375 0.725
0 0.503125 0.81875 0.503125 0.9185873546875 0.5527579234375 0.9162756640625 0.55616359375 0.81875 0.503125 0.81875
0 0.60625 0.8125 0.60625 0.9216080234374999 0.648030778125 0.9194183859375 0.65301058125 0.8125 0.60625 0.8125
0 0.628125 0.828125 0.58125 0.828125 0.5841979375 0.884375 0.628125 0.882329065625 0.628125 0.828125