0 0.2625 0.80859375 0.215625 0.80859375 0.215625 0.87421875 0.2625 0.87421875 0.2625 0.80859375
0 0.52265625 0.7703125 0.49453125 0.7703125 0.49453125 0.86875 0.52265625 0.86875 0.52265625 0.7703125
0 0.4421875 0.8109375 0.3953125 0.8109375 0.3953125 0.86875 0.4421875 0.86875 0.4421875 0.8109375
0 0.35 0.7609375 0.284375 0.7609375 0.284375 0.875 0.35 0.875 0.35 0.7609375
0 0.2859375 0.70859375 0.24375 0.70859375 0.24375 0.80234375 0.2859375 0.80234375 0.2859375 0.70859375
0 0.4578125 0.7296875 0.4015625 0.7296875 0.4015625 0.7890625 0.4578125 0.7890625 0.4578125 0.7296875
0 0.525 0.72734375 0.484375 0.72734375 0.484375 0.78046875 0.525 0.78046875 0.525 0.72734375
0 0.278125 0.42734375 0.228125 0.42734375 0.228125 0.51328125 0.278125 0.51328125 0.278125 0.42734375
0 0.3515625 0.40234375 0.253125 0.40234375 0.253125 0.55078125 0.3515625 0.55078125 0.3515625 0.40234375
0 0.3609375 0.47109375 0.321875 0.47109375 0.321875 0.50859375 0.3609375 0.50859375 0.3609375 0.47109375
0 0.50703125 0.37734375 0.40390625 0.37734375 0.40390625 0.55234375 0.50703125 0.55234375 0.50703125 0.37734375
0 0.45078125 0.37734375 0.39765625 0.37734375 0.39765625 0.50859375 0.45078125 0.50859375 0.45078125 0.37734375
0 0.5640625 0.4359375 0.4953125 0.4359375 0.4953125 0.5453125 0.5640625 0.5453125 0.5640625 0.4359375
0 0.6296875 0.05234375 0.5015625 0.05234375 0.5015625 0.19765625 0.6296875 0.19765625 0.6296875 0.05234375
0 0.4625 0.04140625 0.340625 0.04140625 0.340625 0.19765625 0.4625 0.19765625 0.4625 0.04140625
0 0.3734375 0.0625 0.271875 0.0625 0.271875 0.19375 0.3734375 0.19375 0.3734375 0.0625
0 0.18671875 0 0.18671875 0.1890625 0.27265625 0.1890625 0.27265625 0 0.18671875 0