0 0.396875 0.04765625 0.328125 0.04765625 0.328125 0.17890625 0.396875 0.17890625 0.396875 0.04765625
0 0.48828125 0.10625 0.40703125 0.10625 0.40703125 0.1859375 0.48828125 0.1859375 0.48828125 0.10625
0 0.70390625 0.0359375 0.60546875 0.0359375 0.60546875 0.1859375 0.70390625 0.1859375 0.70390625 0.0359375
0 0.58125 0.09296875 0.4875 0.09296875 0.4875 0.18203125 0.58125 0.18203125 0.58125 0.09296875
0 0.38828125 0.44375 0.33671875 0.44375 0.33671875 0.5328125 0.38828125 0.5328125 0.38828125 0.44375
0 0.4765625 0.39453125 0.359375 0.39453125 0.359375 0.53203125 0.4765625 0.53203125 0.4765625 0.39453125
0 0.55625 0.4125 0.50625 0.4125 0.50625 0.5328125 0.55625 0.5328125 0.55625 0.4125
0 0.675 0.4375 0.6171875 0.4375 0.6171875 0.5359375 0.675 0.5359375 0.675 0.4375
0 0.6140625 0.35390625 0.5375 0.35390625 0.5375 0.53203125 0.6140625 0.53203125 0.6140625 0.35390625
0 0.3671875 0.8234375 0.315625 0.8234375 0.315625 0.8875 0.3671875 0.8875 0.3671875 0.8234375
0 0.65078125 0.78125 0.60390625 0.78125 0.60390625 0.890625 0.65078125 0.890625 0.65078125 0.78125
0 0.375 0.76484375 0.3359375 0.76484375 0.3359375 0.84140625 0.375 0.84140625 0.375 0.76484375
0 0.50703125 0.7125 0.41640625 0.7125 0.41640625 0.8734375 0.50703125 0.8734375 0.50703125 0.7125
0 0.5578125 0.7984375 0.503125 0.7984375 0.503125 0.890625 0.5578125 0.890625 0.5578125 0.7984375