0 0.3984375 0.04375 0.3078125 0.04375 0.314143890625 0.1796875 0.3984375 0.1767439015625 0.3984375 0.04375
0 0.4875 0.103125 0.403125 0.103125 0.40721935781249996 0.18125 0.4875 0.18031585 0.4875 0.103125
0 0.575 0.0875 0.4875 0.0875 0.4891364125 0.18125 0.575 0.1787516234375 0.575 0.0875
0 0.6109375 0.1828125 0.700649528125 0.1828125 0.7078125 0.046134853125 0.6109375 0.0421875 0.6109375 0.1828125
0 0.3828125 0.446875 0.334375 0.446875 0.33815927968750004 0.528125 0.3828125 0.5278652140625 0.3828125 0.446875
0 0.46875 0.3953125 0.3625 0.3953125 0.367192478125 0.5296875 0.46875 0.5249573828125 0.46875 0.3953125
0 0.509375 0.40625 0.509375 0.5280011640625 0.5464538 0.52670634375 0.5499587218750001 0.40625 0.509375 0.40625
0 0.6140625 0.5296875 0.6750253984375 0.5296875 0.678125 0.440926528125 0.6140625 0.4390625 0.6140625 0.5296875
0 0.51875 0.3695900921875 0.51875 0.5343202125000001 0.6085517265625 0.5337977625 0.6179384984375 0.3546875 0.5195310125 0.3546875 0.51875 0.3695900921875
0 0.3216231875 0.884375 0.365625 0.8818121859374999 0.365625 0.8234375 0.320988640625 0.8234375 0.31875303125 0.823567709375 0.32087646875 0.884375 0.3216231875 0.884375
0 0.334375 0.76875 0.334375 0.84826733125 0.3739487546875 0.8466548234375001 0.3780315734375 0.76875 0.334375 0.76875
0 0.4125 0.7140625 0.4125 0.8859375 0.509375 0.8836827093749999 0.509375 0.7140625 0.4125 0.7140625
0 0.55625 0.8890625 0.55625 0.8302508187500001 0.507890625 0.8296881062500001 0.5096182437500001 0.8890625 0.55625 0.8890625
0 0.6078125 0.7970270703125 0.6078125 0.8888581109375 0.6424867 0.887243134375 0.6468412125 0.79375 0.6079651328125 0.79375 0.6078125 0.7970270703125
0 0.5 0.8453125 0.5574468984375 0.8453125 0.559375 0.79009889375 0.5 0.7890625 0.5 0.8453125
0 0.6328125 0.7984375 0.5875 0.7984375 0.5884000265625 0.85 0.6328125 0.8497416156250001 0.6328125 0.7984375