0 0.2203125 0.00234375 0.125 0.00234375 0.125 0.20390625 0.2203125 0.20390625 0.2203125 0.00234375
0 0.31875 0.0609375 0.234375 0.0609375 0.234375 0.20625 0.31875 0.20625 0.31875 0.0609375
0 0.428125 0.03984375 0.3140625 0.03984375 0.3140625 0.19921875 0.428125 0.19921875 0.428125 0.03984375
0 0.590625 0.04765625 0.4734375 0.04765625 0.4734375 0.20234375 0.590625 0.20234375 0.590625 0.04765625
0 0.240625 0.44375 0.184375 0.44375 0.184375 0.5328125 0.240625 0.5328125 0.240625 0.44375
0 0.3171875 0.41484375 0.203125 0.41484375 0.203125 0.56953125 0.3171875 0.56953125 0.3171875 0.41484375
0 0.32890625 0.48359375 0.28046875 0.48359375 0.28046875 0.52421875 0.32890625 0.52421875 0.32890625 0.48359375
0 0.46640625 0.3859375 0.37421875 0.3859375 0.37421875 0.56875 0.46640625 0.56875 0.46640625 0.3859375
0 0.4125 0.39375 0.3625 0.39375 0.3625 0.5203125 0.4125 0.5203125 0.4125 0.39375
0 0.52734375 0.43984375 0.46015625 0.43984375 0.46015625 0.55390625 0.52734375 0.55390625 0.52734375 0.43984375
0 0.2265625 0.82734375 0.184375 0.82734375 0.184375 0.88671875 0.2265625 0.88671875 0.2265625 0.82734375
0 0.2484375 0.7296875 0.20625 0.7296875 0.20625 0.8171875 0.2484375 0.8171875 0.2484375 0.7296875
0 0.31796875 0.77734375 0.24765625 0.77734375 0.24765625 0.88671875 0.31796875 0.88671875 0.31796875 0.77734375
0 0.415625 0.82109375 0.3671875 0.82109375 0.3671875 0.88203125 0.415625 0.88203125 0.415625 0.82109375
0 0.5 0.78359375 0.459375 0.78359375 0.459375 0.87734375 0.5 0.87734375 0.5 0.78359375
0 0.42421875 0.7375 0.37421875 0.7375 0.37421875 0.8 0.42421875 0.8 0.42421875 0.7375
0 0.49140625 0.73984375 0.44921875 0.73984375 0.44921875 0.79609375 0.49140625 0.79609375 0.49140625 0.73984375