0 0.2953125 0.909375 0.334998640625 0.909375 0.3375 0.8377454390624999 0.2953125 0.8375 0.2953125 0.909375
0 0.5875 0.9140625 0.62149538125 0.9140625 0.628125 0.8002363499999999 0.5875 0.8 0.5875 0.9140625
0 0.5375 0.90625 0.5375 0.8463703890625001 0.4875 0.84375 0.4878636140625 0.90625 0.5375 0.90625
0 0.5296875 0.80625 0.478125 0.80625 0.4808176609375 0.8640625 0.5296875 0.86178635 0.5296875 0.80625
0 0.4453125 0.7 0.3765625 0.7 0.3789624359375 0.90625 0.4453125 0.9050918546875 0.4453125 0.7
0 0.3609375 0.787756865625 0.321875 0.7859375 0.321875 0.8734375 0.3609375 0.8734375 0.3609375 0.787756865625
0 0.3078125 0.55 0.36452516875 0.55 0.365625 0.455480678125 0.3078125 0.453125 0.3078125 0.55
0 0.4296875 0.5484375 0.4296875 0.4153716296875 0.3546875 0.4140625 0.3562510953125 0.5484375 0.4296875 0.5484375
0 0.5546875 0.3597426171875 0.488353728125 0.3578125 0.48791843124999995 0.3578125 0.4935099625 0.549980971875 0.49416391718749997 0.55 0.5546875 0.55 0.5546875 0.3597426171875
0 0.546875 0.4355625015625 0.546875 0.5546875 0.5766791546875 0.5546875 0.6145485953125001 0.5533650703124999 0.6187038203124999 0.434375 0.5594295546875 0.434375 0.5469011906250001 0.43481249999999994 0.546875 0.4355625015625
0 0.6691901203125 0.2109375 0.678125 0.057531534375000005 0.678125 0.05678607812499999 0.586067709375 0.0562505046875 0.5859375 0.058486114062500004 0.5859375 0.2109375 0.6691901203125 0.2109375
0 0.484375 0.0078125 0.484375 0.20458750937499998 0.547396521875 0.2034874640625 0.5530900828124999 0.0078125 0.484375 0.0078125
0 0.465625 0.046875 0.3890625 0.046875 0.39088063281249996 0.203125 0.465625 0.20269015 0.465625 0.046875
0 0.375 0.03125 0.290625 0.03125 0.2935705421875 0.2 0.375 0.19763064375 0.375 0.03125