0 0.290625 0.834375 0.290625 0.9093140406250001 0.33887935625 0.9076289609374999 0.3405843609375 0.834375 0.290625 0.834375
0 0.5859375 0.796875 0.5859375 0.9029810078124999 0.625033440625 0.9011600859375 0.6280678265625 0.796875 0.5859375 0.796875
0 0.4875 0.809375 0.4875 0.9093038765625 0.5318628125 0.9085295203125 0.53590305 0.809375 0.4875 0.809375
0 0.4375 0.69375 0.378125 0.69375 0.3869110453125 0.909375 0.4375 0.9081975281249999 0.4375 0.69375
0 0.30625 0.55625 0.3669685984375 0.55625 0.3703125 0.460493215625 0.30625 0.459375 0.30625 0.55625
0 0.43125 0.415625 0.3625 0.415625 0.36328177031250003 0.55 0.43125 0.549604571875 0.43125 0.415625
0 0.4828125 0.5484375 0.54007135625 0.5484375 0.55 0.35898768125 0.4828125 0.35625 0.4828125 0.5484375
0 0.6171875 0.42862155625 0.5480840687499999 0.425 0.5473791718750001 0.425 0.554091978125 0.55308795625 0.554798815625 0.553125 0.6171875 0.553125 0.6171875 0.42862155625
0 0.5796875 0.0609375 0.5796875 0.210774890625 0.6730712109375 0.206425475 0.67645748125 0.0609375 0.5796875 0.0609375
0 0.5515625 0.2078125 0.5515625 0.0094435984375 0.490625 0.00625 0.49648987031249997 0.2078125 0.5515625 0.2078125
0 0.390625 0.0418170265625 0.3942703828125 0.1984375 0.4671875 0.1984375 0.4671875 0.0440447671875 0.46717025312500005 0.043303771875 0.390625 0.0410765328125 0.390625 0.0418170265625
0 0.2921875 0.03125 0.2921875 0.1951569046875 0.371181403125 0.19193814843749998 0.3749214609375 0.03125 0.2921875 0.03125