0 0.3984375 0.04375 0.3078125 0.04375 0.3078125 0.1796875 0.3984375 0.1796875 0.3984375 0.04375
0 0.4875 0.10234375 0.403125 0.10234375 0.403125 0.18203125 0.4875 0.18203125 0.4875 0.10234375
0 0.57421875 0.0875 0.48828125 0.0875 0.48828125 0.18125 0.57421875 0.18125 0.57421875 0.0875
0 0.70859375 0.0421875 0.61171875 0.0421875 0.61171875 0.1828125 0.70859375 0.1828125 0.70859375 0.0421875
0 0.3828125 0.44765625 0.334375 0.44765625 0.334375 0.52890625 0.3828125 0.52890625 0.3828125 0.44765625
0 0.46796875 0.39609375 0.36328125 0.39609375 0.36328125 0.53046875 0.46796875 0.53046875 0.46796875 0.39609375
0 0.55078125 0.40703125 0.50859375 0.40703125 0.50859375 0.52890625 0.55078125 0.52890625 0.55078125 0.40703125
0 0.678125 0.43984375 0.6140625 0.43984375 0.6140625 0.53046875 0.678125 0.53046875 0.678125 0.43984375
0 0.61796875 0.3546875 0.51953125 0.3546875 0.51953125 0.534375 0.61796875 0.534375 0.61796875 0.3546875
0 0.365625 0.82265625 0.31875 0.82265625 0.31875 0.88515625 0.365625 0.88515625 0.365625 0.82265625
0 0.378125 0.76875 0.334375 0.76875 0.334375 0.8484375 0.378125 0.8484375 0.378125 0.76875
0 0.51015625 0.71484375 0.41328125 0.71484375 0.41328125 0.88671875 0.51015625 0.88671875 0.51015625 0.71484375
0 0.55703125 0.8296875 0.50703125 0.8296875 0.50703125 0.8890625 0.55703125 0.8890625 0.55703125 0.8296875
0 0.64765625 0.79375 0.60703125 0.79375 0.60703125 0.8890625 0.64765625 0.8890625 0.64765625 0.79375
0 0.559375 0.78984375 0.5 0.78984375 0.5 0.84609375 0.559375 0.84609375 0.559375 0.78984375
0 0.6328125 0.7984375 0.5875 0.7984375 0.5875 0.85 0.6328125 0.85 0.6328125 0.7984375