0 0.384375 0.178125 0.0453125 0.04296875
0 0.47265625 0.15390625 0.0578125 0.0953125
0 0.559375 0.18046875 0.04375 0.0484375
0 0.66171875 0.18203125 0.0875 0.05390625
0 0.3859375 0.490625 0.0484375 0.08984375
0 0.45859375 0.45625 0.06171875 0.1671875
0 0.58046875 0.45078125 0.09453125 0.18359375
0 0.64140625 0.45546875 0.021875 0.1640625
0 0.33515625 0.81171875 0.07578125 0.121875
0 0.44609375 0.78515625 0.06640625 0.1796875
0 0.559375 0.82734375 0.03828125 0.109375
0 0.67109375 0.7921875 0.07421875 0.19453125
0 0.61953125 0.8265625 0.04140625 0.05078125
0 0.53984375 0.82109375 0.04609375 0.05390625
0 0.38125 0.7984375 0.034375 0.07890625
0 0.44921875 0.803125 0.071875 0.1015625