0 0.2203125 0.8359375 0.1796875 0.8359375 0.18210684531250002 0.8953125 0.2203125 0.894423253125 0.2203125 0.8359375
0 0.365625 0.828125 0.365625 0.884375 0.405595471875 0.884375 0.40625 0.828125 0.365625 0.828125
0 0.24375 0.821875 0.24375 0.7440227109374999 0.196875 0.74375 0.1986933796875 0.821875 0.24375 0.821875
0 0.3125 0.890625 0.3125 0.77950696875 0.253125 0.778125 0.258364771875 0.890625 0.3125 0.890625
0 0.4926565640625 0.8738633968749999 0.49375 0.77989370625 0.49375 0.7796875 0.4547343640625 0.7796875 0.4546875 0.7837150203125 0.4546875 0.874968184375 0.4926565640625 0.8738633968749999
0 0.3671875 0.753125 0.3671875 0.8061617968749999 0.418147821875 0.8040853218749999 0.420224296875 0.753125 0.3671875 0.753125
0 0.446875 0.7984375 0.4831667984375 0.7984375 0.4859375 0.745569365625 0.446875 0.74375 0.446875 0.7984375
0 0.1671875 0.45 0.1671875 0.53279286875 0.22943814843750002 0.5324307046875 0.23279694375 0.45 0.1671875 0.45
0 0.303125 0.41213746875 0.2 0.4109375 0.2 0.5671875 0.303125 0.5671875 0.303125 0.41213746875
0 0.2703125 0.48125 0.2703125 0.5234146359375 0.3152225859375 0.5228920593749999 0.3171620953125 0.48125 0.2703125 0.48125
0 0.5125 0.5625 0.5125 0.43731946875 0.453125 0.4359375 0.456070775 0.5625 0.5125 0.5625
0 0.4 0.5203125 0.4 0.3885578890625 0.35 0.3859375 0.3515635953125 0.5203125 0.4 0.5203125
0 0.4578125 0.38143926562499997 0.35745387968750003 0.3796875 0.3567374109375 0.3796875 0.36793032812500004 0.5718624812499999 0.3686475265625 0.571875 0.4578125 0.571875 0.4578125 0.38143926562499997
0 0.4578125 0.0625 0.4578125 0.20913611406250002 0.5745585125 0.20369858125 0.579489275 0.0625 0.4578125 0.0625
0 0.41875 0.05625 0.289121125 0.05625 0.29618023125000004 0.20781181875 0.41875 0.20567235625000002 0.41875 0.05625
0 0.3171875 0.06875 0.2171875 0.06875 0.221188340625 0.20625 0.3171875 0.20177876718749999 0.3171875 0.06875
0 0.121875 0.215625 0.21644550312500002 0.215625 0.21875 0.017577003124999997 0.121875 0.0125 0.121875 0.215625