0 0.4015625 0.1375 0.3265625 0.1375 0.33005568125 0.2125 0.4015625 0.21125184375 0.4015625 0.1375
0 0.415625 0.2140625 0.480980178125 0.2140625 0.4875 0.074079309375 0.415625 0.0703125 0.415625 0.2140625
0 0.484375 0.2171875 0.5466733828125 0.2171875 0.5484375 0.1793111875 0.5484375 0.15366182343749998 0.48556641718750004 0.15 0.4848222046875 0.15 0.484375 0.1596016796875 0.484375 0.2171875
0 0.596875 0.21875 0.72476003125 0.21875 0.7265625 0.16713404999999998 0.596875 0.165625 0.596875 0.21875
0 0.334375 0.559375 0.39895429843749997 0.559375 0.403125 0.43994173124999997 0.334375 0.4359375 0.334375 0.559375
0 0.4078125 0.5 0.4078125 0.5593347609375 0.4621668 0.558702290625 0.46558581875 0.5 0.4078125 0.5
0 0.5875 0.5671875 0.5875 0.3676238375 0.5125 0.3671875 0.5183194062500001 0.5671875 0.5875 0.5671875
0 0.540625 0.5609375 0.540625 0.413230340625 0.496875 0.4109375 0.50298703125 0.5609375 0.540625 0.5609375
0 0.603125 0.5640625 0.667381153125 0.5640625 0.66875 0.4464240140625 0.603125 0.44375 0.603125 0.5640625
0 0.309375 0.84375 0.309375 0.917165125 0.34715564374999996 0.9165056609375 0.3484255984375 0.84375 0.309375 0.84375
0 0.334375 0.8765625 0.3671534484375 0.8765625 0.371875 0.795496590625 0.334375 0.79375 0.334375 0.8765625
0 0.3640625 0.725399628125 0.3640625 0.7261750390625 0.36962039375 0.9171875 0.4201395875 0.9171875 0.4421875 0.9166743296875 0.4421875 0.725 0.3812321625 0.725 0.3640625 0.725399628125
0 0.503125 0.921875 0.5411722203125 0.921875 0.54375 0.8480570671875001 0.503125 0.846875 0.503125 0.921875
0 0.5546875 0.8875 0.5546875 0.8212971109374999 0.5 0.81875 0.5032020828125 0.8875 0.5546875 0.8875
0 0.6453125 0.91875 0.6453125 0.8187157671874999 0.6125 0.8171875 0.616046640625 0.91875 0.6453125 0.91875
0 0.584375 0.82931990625 0.5846862109375001 0.8828125 0.6375 0.8828125 0.6375 0.8283926062500001 0.63749844375 0.828125 0.6106988703125 0.828125 0.584375 0.8285844843750001 0.584375 0.82931990625