0 0.215625 0.8734375 0.2609916046875 0.8734375 0.2625 0.80863070625 0.215625 0.8078125 0.215625 0.8734375
0 0.521875 0.86875 0.521875 0.77145850625 0.49375 0.7703125 0.4966142390625 0.86875 0.521875 0.86875
0 0.4421875 0.86875 0.4421875 0.8123014234375001 0.3953125 0.8109375 0.39733135625 0.86875 0.4421875 0.86875
0 0.35 0.875 0.35 0.763229175 0.284375 0.7609375 0.28835815 0.875 0.35 0.875
0 0.24375 0.7078125 0.24375 0.8013050078124999 0.2810242703125 0.799351546875 0.285821628125 0.7078125 0.24375 0.7078125
0 0.4015625 0.7890625 0.45643814843749997 0.7890625 0.4578125 0.7300147531250001 0.4015625 0.7296875 0.4015625 0.7890625
0 0.484375 0.7265625 0.48653967812500004 0.7796875 0.525 0.7796875 0.525 0.7265625 0.484375 0.7265625
0 0.278125 0.428125 0.228125 0.428125 0.23205482812499997 0.5125 0.278125 0.510354246875 0.278125 0.428125
0 0.253125 0.55 0.34477503593750003 0.55 0.3515625 0.40427042343749997 0.253125 0.403125 0.253125 0.55
0 0.321875 0.4703125 0.321875 0.5077896421875 0.360282934375 0.5064484078125 0.3609136890625 0.4703125 0.321875 0.4703125
0 0.4046875 0.5515625 0.499336178125 0.5515625 0.50625 0.381885165625 0.4046875 0.3765625 0.4046875 0.5515625
0 0.45 0.3765625 0.3985107921875 0.3765625 0.4023297265625 0.5078107953125001 0.45 0.5061461125 0.45 0.3765625
0 0.4953125 0.5453125 0.562827065625 0.5453125 0.5640625 0.4391395828125 0.4953125 0.4359375 0.4953125 0.5453125
0 0.5015625 0.053125 0.5015625 0.19673866874999998 0.6238301359375 0.1938928578125 0.6295659875 0.053125 0.5015625 0.053125
0 0.340625 0.040625 0.340625 0.19671615 0.4533994734375 0.1947476640625 0.46237609687500003 0.040625 0.340625 0.040625
0 0.3734375 0.19375 0.3734375 0.067822665625 0.271875 0.0625 0.2787535203125 0.19375 0.3734375 0.19375
0 0.1875 0.1890625 0.261034975 0.1890625 0.271875 0.002946440625 0.1875 0 0.1875 0.1890625