0 0.3875 0.1796875 0.3875 0.0084322765625 0.3125 0.00625 0.314518128125 0.1796875 0.3875 0.1796875
0 0.490625 0.053125 0.403125 0.053125 0.4095121984375 0.175 0.490625 0.1731120796875 0.490625 0.053125
0 0.48125 0.175 0.5739910390625 0.175 0.58125 0.036490778125 0.48125 0.03125 0.48125 0.175
0 0.6015625 0.171875 0.7236249265625 0.171875 0.7265601078125 0.045767665624999995 0.6015625 0.0392168171875 0.6015625 0.171875
0 0.33125 0.44375 0.33496150468749997 0.5234375 0.390625 0.5234375 0.390625 0.44375 0.33125 0.44375
0 0.465625 0.378125 0.359375 0.378125 0.3643948609375 0.521875 0.465625 0.5201080218749999 0.465625 0.378125
0 0.503125 0.390625 0.503125 0.525 0.553125 0.52296265625 0.553125 0.390625 0.503125 0.390625
0 0.6765625 0.521875 0.6765625 0.40723184687499997 0.6203125 0.40625 0.6256978203125 0.521875 0.6765625 0.521875
0 0.6203125 0.5234375 0.6203125 0.3349493125 0.546875 0.3328125 0.5524216203125001 0.5234375 0.6203125 0.5234375
0 0.3203125 0.81875 0.3203125 0.8812288390624999 0.374272746875 0.8796587562499999 0.374981484375 0.81875 0.3203125 0.81875
0 0.3421875 0.840625 0.3803799390625 0.840625 0.38125 0.765852259375 0.3421875 0.765625 0.3421875 0.840625
0 0.6109375 0.7765625 0.6109375 0.8796141531250001 0.651324946875 0.877968490625 0.6530949953125 0.7765625 0.6109375 0.7765625
0 0.590625 0.7875 0.591206803125 0.8375 0.6421875 0.8375 0.6421875 0.7875 0.590625 0.7875
0 0.4640625 0.875 0.4640625 0.7212053671875001 0.39375 0.71875 0.3946590359375 0.875 0.4640625 0.875
0 0.56875 0.88125 0.56875 0.783114028125 0.5046875 0.78125 0.5099282781250001 0.88125 0.56875 0.88125