0 0.2625 0.8078125 0.215625 0.8078125 0.21638861562499997 0.8734375 0.2625 0.87316923125 0.2625 0.8078125
0 0.5185241125 0.86875 0.521875 0.77279309375 0.521875 0.77139285 0.495458984375 0.7703164796874999 0.4953125 0.7745112437499999 0.4953125 0.86875 0.5185241125 0.86875
0 0.4421875 0.8109375 0.3953125 0.8109375 0.3963216203125 0.86875 0.4421875 0.8663462718750001 0.4421875 0.8109375
0 0.284375 0.7609375 0.284375 0.87496138125 0.3486727625 0.8730905078125 0.34997778125 0.7609375 0.284375 0.7609375
0 0.2859375 0.7078125 0.24375 0.7078125 0.24484087968749998 0.8015625 0.2859375 0.8013234078125 0.2859375 0.7078125
0 0.4015625 0.7890625 0.45515381718750003 0.7890625 0.4578125 0.7319795124999999 0.4015625 0.7296875 0.4015625 0.7890625
0 0.484375 0.7796875 0.5226137921875 0.7796875 0.525 0.7284546390625 0.484375 0.7265625 0.484375 0.7796875
0 0.228125 0.5125 0.277163525 0.5125 0.278125 0.42987103906249996 0.228125 0.428125 0.228125 0.5125
0 0.3515625 0.55 0.3515625 0.40885833125 0.253125 0.403125 0.2582539875 0.55 0.3515625 0.55
0 0.3609375 0.5078125 0.3609375 0.471904175 0.321875 0.4703125 0.323621590625 0.5078125 0.3609375 0.5078125
0 0.4046875 0.38206406875 0.4046875 0.5514921484374999 0.5032273828125 0.5491986062499999 0.50624075625 0.3765625 0.40478352968750003 0.3765625 0.4046875 0.38206406875
0 0.396875 0.3765625 0.396875 0.5078125 0.44235555781249997 0.5078125 0.45 0.3765625 0.396875 0.3765625
0 0.4953125 0.5453125 0.5597689703125 0.5453125 0.5640625 0.43994173124999997 0.4953125 0.4359375 0.4953125 0.5453125
0 0.6296875 0.196875 0.6296875 0.0553614296875 0.5015625 0.053125 0.5082577640625 0.196875 0.6296875 0.196875
0 0.4625 0.040625 0.340625 0.040625 0.3469917 0.196875 0.4625 0.19553093906250002 0.4625 0.040625
0 0.271875 0.0625 0.271875 0.1937188859375 0.372673909375 0.18961164531250002 0.3734134234375 0.0625 0.271875 0.0625
0 0.271875 0.1890625 0.271875 0.002946440625 0.1875 0 0.19300115625 0.1890625 0.271875 0.1890625