0 0.28125 0.015625 0.28125 0.1714936046875 0.348061284375 0.16838181875 0.3560669296875 0.015625 0.28125 0.015625
0 0.365625 0.06875 0.365625 0.17479835625 0.44410814375 0.17114294531250002 0.44828033749999996 0.06875 0.365625 0.06875
0 0.428125 0.0203125 0.428125 0.1670979734375 0.5208737875 0.1638591140625 0.5233794031250001 0.0203125 0.428125 0.0203125
0 0.69375 0.01875 0.5765625 0.01875 0.5814732328125001 0.159375 0.69375 0.154145625 0.69375 0.01875
0 0.359375 0.5171875 0.359375 0.464935253125 0.309375 0.4640625 0.3109207796875 0.5171875 0.359375 0.5171875
0 0.434375 0.3765625 0.31875 0.3765625 0.3218776125 0.5109375 0.434375 0.5050417609375 0.434375 0.3765625
0 0.48125 0.5140625 0.5275136484375 0.5140625 0.528125 0.40898015781249997 0.48125 0.40625 0.48125 0.5140625
0 0.5859375 0.396875 0.5859375 0.50280068125 0.6428691734374999 0.49948478906249993 0.648246725 0.396875 0.5859375 0.396875
0 0.5 0.328125 0.5 0.5061052218750001 0.5812797375 0.504213415625 0.5874288812499999 0.328125 0.5 0.328125
0 0.271875 0.83125 0.271875 0.898346446875 0.32773254375 0.8957448390625 0.32960915156250004 0.83125 0.271875 0.83125
0 0.3078125 0.8859375 0.3531103953125 0.8859375 0.3546875 0.7955852109375 0.3078125 0.7953125 0.3078125 0.8859375
0 0.55 0.81875 0.478125 0.81875 0.481181015625 0.89375 0.55 0.89014335 0.55 0.81875
0 0.58125 0.778125 0.58125 0.890625 0.6324113046875001 0.890625 0.634375 0.778125 0.58125 0.778125
0 0.428125 0.8875 0.428125 0.7073831328125 0.346875 0.703125 0.356537684375 0.8875 0.428125 0.8875