0 0.378125 0.17734375 0.04140625 0.0453125
0 0.50078125 0.184375 0.084375 0.0421875
0 0.52578125 0.11328125 0.11796875 0.1859375
0 0.646875 0.159375 0.06171875 0.09609375
0 0.378125 0.49296875 0.06171875 0.09140625
0 0.46171875 0.50546875 0.03671875 0.05859375
0 0.58125 0.45 0.0953125 0.18046875
0 0.640625 0.46015625 0.0203125 0.1546875
0 0.653125 0.83203125 0.040625 0.1078125
0 0.58359375 0.784375 0.096875 0.20078125
0 0.44765625 0.790625 0.065625 0.18515625
0 0.35703125 0.8078125 0.046875 0.13515625
0 0.621875 0.825 0.0390625 0.0578125
0 0.54296875 0.82109375 0.04921875 0.0578125
0 0.37890625 0.80390625 0.03828125 0.084375
0 0.45 0.80390625 0.06875 0.09140625