0 0.3734375 0.81484375 0.3109375 0.81484375 0.3109375 0.88671875 0.3734375 0.88671875 0.3734375 0.81484375
0 0.50390625 0.71015625 0.41640625 0.71015625 0.41640625 0.88046875 0.50390625 0.88046875 0.50390625 0.71015625
0 0.3796875 0.7609375 0.328125 0.7609375 0.328125 0.84375 0.3796875 0.84375 0.3796875 0.7609375
0 0.55859375 0.78359375 0.49765625 0.78359375 0.49765625 0.88046875 0.55859375 0.88046875 0.55859375 0.78359375
0 0.640625 0.77265625 0.609375 0.77265625 0.609375 0.88046875 0.640625 0.88046875 0.640625 0.77265625
0 0.6328125 0.7859375 0.5828125 0.7859375 0.5828125 0.840625 0.6328125 0.840625 0.6328125 0.7859375
0 0.3890625 0.44765625 0.3296875 0.44765625 0.3296875 0.52578125 0.3890625 0.52578125 0.3890625 0.44765625
0 0.465625 0.38828125 0.353125 0.38828125 0.353125 0.52578125 0.465625 0.52578125 0.465625 0.38828125
0 0.559375 0.39765625 0.496875 0.39765625 0.496875 0.52734375 0.559375 0.52734375 0.559375 0.39765625
0 0.6671875 0.41953125 0.6046875 0.41953125 0.6046875 0.52578125 0.6671875 0.52578125 0.6671875 0.41953125
0 0.60703125 0.35 0.53046875 0.35 0.53046875 0.5234375 0.60703125 0.5234375 0.60703125 0.35
0 0.7 0.03203125 0.5984375 0.03203125 0.5984375 0.17734375 0.7 0.17734375 0.7 0.03203125
0 0.571875 0.05859375 0.478125 0.05859375 0.478125 0.17890625 0.571875 0.17890625 0.571875 0.05859375
0 0.484375 0.09375 0.390625 0.09375 0.390625 0.18125 0.484375 0.18125 0.484375 0.09375
0 0.39140625 0.03125 0.31328125 0.03125 0.31328125 0.1796875 0.39140625 0.1796875 0.39140625 0.03125