0 0.1734375 0 0.1734375 0.190625 0.2625 0.190625 0.2625 0 0.1734375 0
0 0.3640625 0.06640625 0.278125 0.06640625 0.278125 0.19609375 0.3640625 0.19609375 0.3640625 0.06640625
0 0.634375 0.05625 0.5125 0.05625 0.5125 0.190625 0.634375 0.190625 0.634375 0.05625
0 0.465625 0.03984375 0.34375 0.03984375 0.34375 0.20234375 0.465625 0.20234375 0.465625 0.03984375
0 0.278125 0.41875 0.2203125 0.41875 0.2203125 0.5140625 0.278125 0.5140625 0.278125 0.41875
0 0.35078125 0.38984375 0.24765625 0.38984375 0.24765625 0.56484375 0.35078125 0.56484375 0.35078125 0.38984375
0 0.35859375 0.4609375 0.31953125 0.4609375 0.31953125 0.5109375 0.35859375 0.5109375 0.35859375 0.4609375
0 0.559375 0.4296875 0.4953125 0.4296875 0.4953125 0.559375 0.559375 0.559375 0.559375 0.4296875
0 0.44296875 0.37109375 0.39609375 0.37109375 0.39609375 0.51015625 0.44296875 0.51015625 0.44296875 0.37109375
0 0.50546875 0.36953125 0.41015625 0.36953125 0.41015625 0.55546875 0.50546875 0.55546875 0.50546875 0.36953125
0 0.2578125 0.81875 0.2140625 0.81875 0.2140625 0.875 0.2578125 0.875 0.2578125 0.81875
0 0.2796875 0.72109375 0.2359375 0.72109375 0.2359375 0.80859375 0.2796875 0.80859375 0.2796875 0.72109375
0 0.5203125 0.7796875 0.490625 0.7796875 0.490625 0.8703125 0.5203125 0.8703125 0.5203125 0.7796875
0 0.440625 0.8171875 0.390625 0.8171875 0.390625 0.8734375 0.440625 0.8734375 0.440625 0.8171875
0 0.3453125 0.77109375 0.284375 0.77109375 0.284375 0.87890625 0.3453125 0.87890625 0.3453125 0.77109375
0 0.5171875 0.74375 0.48125 0.74375 0.48125 0.7921875 0.5171875 0.7921875 0.5171875 0.74375
0 0.45078125 0.74140625 0.40078125 0.74140625 0.40078125 0.80234375 0.45078125 0.80234375 0.45078125 0.74140625