0 0.37578125 0.02109375 0.31328125 0.02109375 0.31328125 0.19921875 0.37578125 0.19921875 0.37578125 0.02109375
0 0.46171875 0.04453125 0.39140625 0.04453125 0.39140625 0.20234375 0.46171875 0.20234375 0.46171875 0.04453125
0 0.553125 0.00859375 0.4796875 0.00859375 0.4796875 0.20703125 0.553125 0.20703125 0.553125 0.00859375
0 0.6796875 0.0234375 0.5859375 0.0234375 0.5859375 0.2109375 0.6796875 0.2109375 0.6796875 0.0234375
0 0.36953125 0.46328125 0.30390625 0.46328125 0.30390625 0.55234375 0.36953125 0.55234375 0.36953125 0.46328125
0 0.4328125 0.41953125 0.359375 0.41953125 0.359375 0.55234375 0.4328125 0.55234375 0.4328125 0.41953125
0 0.55390625 0.34609375 0.48359375 0.34609375 0.48359375 0.55390625 0.55390625 0.55390625 0.55390625 0.34609375
0 0.61796875 0.42890625 0.54296875 0.42890625 0.54296875 0.55390625 0.61796875 0.55390625 0.61796875 0.42890625
0 0.346875 0.84140625 0.2953125 0.84140625 0.2953125 0.90859375 0.346875 0.90859375 0.346875 0.84140625
0 0.359375 0.78125 0.3203125 0.78125 0.3203125 0.8609375 0.359375 0.8609375 0.359375 0.78125
0 0.4328125 0.7359375 0.390625 0.7359375 0.390625 0.9015625 0.4328125 0.9015625 0.4328125 0.7359375
0 0.45078125 0.6984375 0.38046875 0.6984375 0.38046875 0.8734375 0.45078125 0.8734375 0.45078125 0.6984375
0 0.5375 0.84765625 0.4921875 0.84765625 0.4921875 0.90703125 0.5375 0.90703125 0.5375 0.84765625
0 0.53203125 0.8109375 0.48359375 0.8109375 0.48359375 0.8671875 0.53203125 0.8671875 0.53203125 0.8109375
0 0.63203125 0.84453125 0.57890625 0.84453125 0.57890625 0.90703125 0.63203125 0.90703125 0.63203125 0.84453125
0 0.628125 0.80234375 0.565625 0.80234375 0.565625 0.87109375 0.628125 0.87109375 0.628125 0.80234375