0 0.340625 0.909375 0.340625 0.8424076765624999 0.296875 0.840625 0.299275803125 0.909375 0.340625 0.909375
0 0.63125 0.803125 0.5923404156250001 0.803125 0.5941949531249999 0.9093714421874999 0.63125 0.9080774515625001 0.63125 0.803125
0 0.6140625 0.81875 0.575 0.81875 0.5775471109375 0.8734375 0.6140625 0.8732250593750001 0.6140625 0.81875
0 0.490625 0.909375 0.5379416124999999 0.909375 0.5390625 0.8451593875000001 0.490625 0.84375 0.490625 0.909375
0 0.5328125 0.8152022765625 0.48125 0.8125 0.48125 0.8734375 0.5328125 0.8734375 0.5328125 0.8152022765625
0 0.3765625 0.696875 0.3765625 0.906150728125 0.44287620156249996 0.9034486515625 0.445279903125 0.696875 0.3765625 0.696875
0 0.359375 0.8703125 0.359375 0.7845931687500001 0.321875 0.784375 0.3238752171875 0.8703125 0.359375 0.8703125
0 0.36875 0.459375 0.3140625 0.459375 0.315644365625 0.55 0.36875 0.548763953125 0.36875 0.459375
0 0.353125 0.409375 0.353125 0.55 0.4375 0.54557809375 0.4375 0.409375 0.353125 0.409375
0 0.4828125 0.3543060484375 0.483978284375 0.5546875 0.553125 0.5546875 0.553125 0.355124209375 0.5531205625 0.3543614671875 0.4828125 0.3535433578125 0.4828125 0.3543060484375
0 0.61875 0.5546875 0.61875 0.42784435624999995 0.5453125 0.4265625 0.54904055625 0.5546875 0.61875 0.5546875
0 0.290625 0.0296875 0.290625 0.20577103437500002 0.3678414046875 0.20217462187500002 0.37788763593749997 0.0296875 0.290625 0.0296875
0 0.390625 0.203125 0.46500094374999995 0.203125 0.46875 0.042050262500000005 0.390625 0.0375 0.390625 0.203125
0 0.484375 0.0171875 0.484375 0.2078125 0.559375 0.203444246875 0.559375 0.0171875 0.484375 0.0171875
0 0.678125 0.05963295 0.58125 0.05625 0.58125 0.2125 0.678125 0.2125 0.678125 0.05963295