0 0.3890625 0.025 0.315625 0.025 0.315625 0.18125 0.3890625 0.18125 0.3890625 0.025
0 0.48125 0.09609375 0.4015625 0.09609375 0.4015625 0.18359375 0.48125 0.18359375 0.48125 0.09609375
0 0.57265625 0.05234375 0.47421875 0.05234375 0.47421875 0.17734375 0.57265625 0.17734375 0.57265625 0.05234375
0 0.70078125 0.02890625 0.59453125 0.02890625 0.59453125 0.17890625 0.70078125 0.17890625 0.70078125 0.02890625
0 0.38203125 0.44609375 0.32421875 0.44609375 0.32421875 0.52421875 0.38203125 0.52421875 0.38203125 0.44609375
0 0.459375 0.38984375 0.353125 0.38984375 0.353125 0.53046875 0.459375 0.53046875 0.459375 0.38984375
0 0.5546875 0.40390625 0.503125 0.40390625 0.503125 0.52734375 0.5546875 0.52734375 0.5546875 0.40390625
0 0.6671875 0.42890625 0.609375 0.42890625 0.609375 0.52578125 0.6671875 0.52578125 0.6671875 0.42890625
0 0.61015625 0.35 0.53515625 0.35 0.53515625 0.5234375 0.61015625 0.5234375 0.61015625 0.35
0 0.3640625 0.81953125 0.3140625 0.81953125 0.3140625 0.88359375 0.3640625 0.88359375 0.3640625 0.81953125
0 0.37578125 0.76484375 0.33671875 0.76484375 0.33671875 0.84609375 0.37578125 0.84609375 0.37578125 0.76484375
0 0.646875 0.76640625 0.60625 0.76640625 0.60625 0.87890625 0.646875 0.87890625 0.646875 0.76640625
0 0.63203125 0.7859375 0.59140625 0.7859375 0.59140625 0.840625 0.63203125 0.840625 0.63203125 0.7859375
0 0.55625 0.78984375 0.5046875 0.78984375 0.5046875 0.88359375 0.55625 0.88359375 0.55625 0.78984375
0 0.503125 0.70625 0.4203125 0.70625 0.4203125 0.875 0.503125 0.875 0.503125 0.70625