0 0.371875 0.8796875 0.371875 0.814626121875 0.3234375 0.8140625 0.3249649390625 0.8796875 0.371875 0.8796875
0 0.5625 0.778125 0.5125 0.778125 0.5148275265625 0.878125 0.5625 0.8759046187499999 0.5625 0.778125
0 0.38125 0.765625 0.340625 0.765625 0.34355368125 0.8375 0.38125 0.8368420078125001 0.38125 0.765625
0 0.6484375 0.765625 0.6171875 0.765625 0.61784200625 0.878125 0.6484375 0.876878328125 0.6484375 0.765625
0 0.465625 0.7171875 0.396875 0.7171875 0.40422523593750004 0.875 0.465625 0.8717821750000001 0.465625 0.7171875
0 0.6484375 0.84375 0.6484375 0.791418178125 0.590625 0.7890625 0.5931721109375 0.84375 0.6484375 0.84375
0 0.3359375 0.44375 0.3359375 0.5233241109375 0.3858154828125 0.521582334375 0.3889869078125 0.44375 0.3359375 0.44375
0 0.471875 0.378125 0.359375 0.378125 0.36774748437500004 0.521875 0.471875 0.5212692031249999 0.471875 0.378125
0 0.5609375 0.3921875 0.503125 0.3921875 0.5060344078125001 0.5171875 0.5609375 0.515909615625 0.5609375 0.3921875
0 0.6140625 0.5234375 0.6754234578125 0.5234375 0.678125 0.40736821562500003 0.6140625 0.40625 0.6140625 0.5234375
0 0.621875 0.3359375 0.534375 0.3359375 0.5365203968750001 0.5203125 0.621875 0.5163370453125 0.621875 0.3359375
0 0.31875 0.175 0.38688896562499997 0.175 0.39375 0.006618181250000001 0.31875 0.003125 0.31875 0.175
0 0.484375 0.069554828125 0.4 0.065625 0.4 0.175 0.484375 0.175 0.484375 0.069554828125
0 0.728125 0.034375 0.6015625 0.034375 0.6097529734375 0.175 0.728125 0.1681056140625 0.728125 0.034375
0 0.465625 0.029300978125 0.46905254999999996 0.1765625 0.5796875 0.1765625 0.5796875 0.0346135234375 0.5796695078125 0.03384050625 0.465625 0.028528798437500003 0.465625 0.029300978125