0 0.259375 0.9140625 0.2975992140625 0.9140625 0.2984375 0.8900571484375 0.2984375 0.8560101234375 0.2605625015625 0.8546875 0.2598115859375 0.8546875 0.259375 0.8671896718750001 0.259375 0.9140625
0 0.43125 0.89375 0.4814918640625 0.89375 0.484375 0.8387364984375001 0.43125 0.8375 0.43125 0.89375
0 0.5296875 0.884375 0.5646190125 0.884375 0.565625 0.7979206750000001 0.5296875 0.796875 0.5296875 0.884375
0 0.3109375 0.7609375 0.2703125 0.7609375 0.27465251875 0.84375 0.3109375 0.8433277859375 0.3109375 0.7609375
0 0.3890625 0.803125 0.321875 0.803125 0.32412979062499997 0.9 0.3890625 0.89735419375 0.3890625 0.803125
0 0.4796875 0.8203125 0.4796875 0.7627727109375 0.4328125 0.7625 0.43382162031249993 0.8203125 0.4796875 0.8203125
0 0.509375 0.753125 0.509375 0.7998983140625 0.5571917625 0.7976712125 0.5592665343750001 0.753125 0.509375 0.753125
0 0.2875 0.5671875 0.2875 0.4873014234375 0.240625 0.4859375 0.24535727343749997 0.5671875 0.2875 0.5671875
0 0.3640625 0.44375 0.2484375 0.44375 0.256626215625 0.6 0.3640625 0.598749865625 0.3640625 0.44375
0 0.403125 0.5453125 0.446174328125 0.5453125 0.453125 0.3960787875 0.403125 0.39375 0.403125 0.5453125
0 0.5125 0.435564615625 0.5182452234375 0.5765625 0.578125 0.5765625 0.578125 0.43441912812499994 0.5781232015625 0.434375 0.5379001156250001 0.434375 0.5125 0.4348183609375 0.5125 0.435564615625
0 0.43125 0.390625 0.43125 0.5875 0.5140625 0.5841256484375 0.5140625 0.390625 0.43125 0.390625
0 0.625 0.0609375 0.515625 0.0609375 0.519079921875 0.209375 0.625 0.206293040625 0.625 0.0609375
0 0.453125 0.228125 0.453125 0.07987050625 0.353125 0.078125 0.3548704078125 0.228125 0.453125 0.228125
0 0.35625 0.1125 0.271875 0.1125 0.2782621984375 0.234375 0.35625 0.23301371718750002 0.35625 0.1125
0 0.178125 0.053125 0.189409653125 0.246875 0.26875 0.246875 0.26875 0.053125 0.178125 0.053125