0 0.40625 0.1421875 0.3125 0.1421875 0.3125 0.21875 0.40625 0.21875 0.40625 0.1421875
0 0.48671875 0.07578125 0.40078125 0.07578125 0.40078125 0.21484375 0.48671875 0.21484375 0.48671875 0.07578125
0 0.56171875 0.14609375 0.48046875 0.14609375 0.48046875 0.22109375 0.56171875 0.22109375 0.56171875 0.14609375
0 0.73359375 0.16640625 0.59765625 0.16640625 0.59765625 0.22265625 0.73359375 0.22265625 0.73359375 0.16640625
0 0.38203125 0.45859375 0.33046875 0.45859375 0.33046875 0.55859375 0.38203125 0.55859375 0.38203125 0.45859375
0 0.46015625 0.4359375 0.34921875 0.4359375 0.34921875 0.5609375 0.46015625 0.5609375 0.46015625 0.4359375
0 0.59296875 0.37109375 0.51015625 0.37109375 0.51015625 0.56796875 0.59296875 0.56796875 0.59296875 0.37109375
0 0.55078125 0.41875 0.49609375 0.41875 0.49609375 0.5609375 0.55078125 0.5609375 0.55078125 0.41875
0 0.67265625 0.44609375 0.59921875 0.44609375 0.59921875 0.56328125 0.67265625 0.56328125 0.67265625 0.44609375
0 0.3515625 0.85234375 0.309375 0.85234375 0.309375 0.91796875 0.3515625 0.91796875 0.3515625 0.85234375
0 0.37578125 0.79453125 0.33359375 0.79453125 0.33359375 0.88359375 0.37578125 0.88359375 0.37578125 0.79453125
0 0.64765625 0.80625 0.60859375 0.80625 0.60859375 0.9203125 0.64765625 0.9203125 0.64765625 0.80625
0 0.63203125 0.82734375 0.58515625 0.82734375 0.58515625 0.88515625 0.63203125 0.88515625 0.63203125 0.82734375
0 0.55703125 0.82109375 0.50078125 0.82109375 0.50078125 0.92109375 0.55703125 0.92109375 0.55703125 0.82109375
0 0.44375 0.7296875 0.3609375 0.7296875 0.3609375 0.9171875 0.44375 0.9171875 0.44375 0.7296875