0 0.3109375 0.8859375 0.3713884796875 0.8859375 0.3734375 0.815517203125 0.3109375 0.8140625 0.3109375 0.8859375
0 0.415625 0.709375 0.415625 0.8812325453125001 0.5001249109375 0.8807409406250001 0.5031161140625 0.709375 0.415625 0.709375
0 0.328125 0.7609375 0.328125 0.8435928374999999 0.3763131484375 0.8413484375 0.37958964375000004 0.7609375 0.328125 0.7609375
0 0.559375 0.7828125 0.496875 0.7828125 0.499693775 0.8796875 0.559375 0.8765597390625001 0.559375 0.7828125
0 0.609375 0.88125 0.639990790625 0.88125 0.640625 0.7722386265625001 0.609375 0.771875 0.609375 0.88125
0 0.6328125 0.786519303125 0.5828125 0.7859375 0.5828125 0.840625 0.6328125 0.840625 0.6328125 0.786519303125
0 0.3890625 0.446875 0.3296875 0.446875 0.332415684375 0.525 0.3890625 0.5243408546875 0.3890625 0.446875
0 0.353125 0.389118296875 0.353125 0.524990984375 0.46483413906250004 0.521090015625 0.46560225156249996 0.3890625 0.3547228203125 0.3890625 0.353125 0.389118296875
0 0.496875 0.3980612953125 0.49762259843749995 0.5265625 0.559375 0.5265625 0.559375 0.3984249109375 0.5593706234375 0.39767264375 0.496875 0.397309053125 0.496875 0.3980612953125
0 0.6671875 0.41875 0.6046875 0.41875 0.60839783125 0.525 0.6671875 0.5219189640625 0.6671875 0.41875
0 0.53125 0.5234375 0.6002696359375 0.5234375 0.60625 0.3521822765625 0.53125 0.35 0.53125 0.5234375
0 0.5984375 0.032426171875 0.5992760609375 0.1765625 0.7 0.1765625 0.7 0.0365645265625 0.699995503125 0.035791579687500005 0.5984375 0.0316534078125 0.5984375 0.032426171875
0 0.571875 0.178125 0.571875 0.0631950203125 0.478125 0.059375 0.48019778906250005 0.178125 0.571875 0.178125
0 0.484375 0.09375 0.390625 0.09375 0.3936805671875 0.18125 0.484375 0.179666921875 0.484375 0.09375
0 0.3125 0.03125 0.3125 0.17967745156249998 0.3888977734375 0.1792329828125 0.3906197109375 0.03125 0.3125 0.03125