0 0.375 0.1984375 0.375 0.0322261578125 0.32663170468749997 0.0316633421875 0.3285722984375 0.1984375 0.375 0.1984375
0 0.3953125 0.05 0.3953125 0.199969525 0.457261884375 0.19960911406249998 0.46248635 0.05 0.3953125 0.05
0 0.48778668437499995 0.20625 0.5421875 0.20435028281249998 0.5421875 0.015625 0.48556856093749995 0.015625 0.4848307296875 0.015650765625 0.487048553125 0.20625 0.48778668437499995 0.20625
0 0.678125 0.0265625 0.578125 0.0265625 0.5813432781250001 0.2109375 0.678125 0.2075578078125 0.678125 0.0265625
0 0.309375 0.4578125 0.309375 0.54833925625 0.3697656796875 0.545526515625 0.3718072453125 0.4578125 0.309375 0.4578125
0 0.359375 0.4203125 0.359375 0.55 0.4306014796875 0.55 0.434375 0.4203125 0.359375 0.4203125
0 0.4859375 0.353125 0.4859375 0.5499600124999999 0.5523966515625001 0.5487999640625 0.5546735359375 0.353125 0.4859375 0.353125
0 0.5515625 0.55 0.610780553125 0.55 0.615625 0.431108759375 0.5515625 0.428125 0.5515625 0.55
0 0.2921875 0.8386805453124999 0.294199034375 0.9078125 0.3375 0.9078125 0.3375 0.8381532859374999 0.337480990625 0.8375 0.3279735171875 0.8375 0.2921875 0.8379164078124999 0.2921875 0.8386805453124999
0 0.359375 0.871875 0.359375 0.7827780078125001 0.321875 0.78125 0.3250396953125 0.871875 0.359375 0.871875
0 0.384375 0.69375 0.384375 0.906120471875 0.4300793359375 0.9053226999999999 0.43746761718749994 0.69375 0.384375 0.69375
0 0.490625 0.90625 0.5342531 0.90625 0.5375 0.844295440625 0.490625 0.84375 0.490625 0.90625
0 0.584375 0.9078125 0.6276063671875 0.9078125 0.63125 0.8034725093749999 0.584375 0.8015625 0.584375 0.9078125
0 0.48125 0.8109375 0.48125 0.8687265078124999 0.535264790625 0.8668402703125 0.535915278125 0.8109375 0.48125 0.8109375