0 0.4375 0.01484375 0.3640625 0.01484375 0.3640625 0.17421875 0.4375 0.17421875 0.4375 0.01484375
0 0.5265625 0.04609375 0.446875 0.04609375 0.446875 0.16484375 0.5265625 0.16484375 0.5265625 0.04609375
0 0.6515625 0 0.6515625 0.1453125 0.778125 0.1453125 0.778125 0 0.6515625 0
0 0.6203125 0.02265625 0.496875 0.02265625 0.496875 0.15234375 0.6203125 0.15234375 0.6203125 0.02265625
0 0.4625 0.43359375 0.409375 0.43359375 0.409375 0.50859375 0.4625 0.50859375 0.4625 0.43359375
0 0.50625 0.36953125 0.3984375 0.36953125 0.3984375 0.50078125 0.50625 0.50078125 0.50625 0.36953125
0 0.6171875 0.37578125 0.5578125 0.37578125 0.5578125 0.50234375 0.6171875 0.50234375 0.6171875 0.37578125
0 0.7265625 0.38671875 0.6578125 0.38671875 0.6578125 0.50859375 0.7265625 0.50859375 0.7265625 0.38671875
0 0.53671875 0.47109375 0.49765625 0.47109375 0.49765625 0.50546875 0.53671875 0.50546875 0.53671875 0.47109375
0 0.65703125 0.31015625 0.56015625 0.31015625 0.56015625 0.50078125 0.65703125 0.50078125 0.65703125 0.31015625
0 0.41953125 0.77734375 0.36484375 0.77734375 0.36484375 0.83828125 0.41953125 0.83828125 0.41953125 0.77734375
0 0.49453125 0.6953125 0.41640625 0.6953125 0.41640625 0.84375 0.49453125 0.84375 0.49453125 0.6953125
0 0.590625 0.7875 0.546875 0.7875 0.546875 0.8625 0.590625 0.8625 0.590625 0.7875
0 0.69296875 0.75703125 0.64921875 0.75703125 0.64921875 0.86328125 0.69296875 0.86328125 0.69296875 0.75703125
0 0.6265625 0.7625 0.571875 0.7625 0.571875 0.8234375 0.6265625 0.8234375 0.6265625 0.7625