0 0.1796875 0.8359375 0.1796875 0.8952883734375 0.219621609375 0.8938938437499999 0.22029599218749998 0.8359375 0.1796875 0.8359375
0 0.40625 0.8300171390625 0.365625 0.828125 0.365625 0.884375 0.40625 0.884375 0.40625 0.8300171390625
0 0.196875 0.74375 0.196875 0.821875 0.24329548281250002 0.821875 0.24375 0.74375 0.196875 0.74375
0 0.253125 0.778125 0.25443405625 0.890625 0.3125 0.890625 0.3125 0.778125 0.253125 0.778125
0 0.4899560703125 0.875 0.49375 0.78189033125 0.49375 0.7815061375 0.45473437499999997 0.77968895625 0.4546875 0.7808393515625001 0.4546875 0.875 0.4899560703125 0.875
0 0.4203125 0.753125 0.3671875 0.753125 0.367805665625 0.80625 0.4203125 0.80380445625 0.4203125 0.753125
0 0.4859375 0.7984375 0.4859375 0.7446591890625001 0.446875 0.74375 0.44878472968749994 0.7984375 0.4859375 0.7984375
0 0.1671875 0.5328125 0.23188000468749997 0.5328125 0.2328125 0.45267401406249996 0.1671875 0.45 0.1671875 0.5328125
0 0.2 0.4109375 0.2 0.5669280765625 0.2967583 0.562985478125 0.30295378125 0.4109375 0.2 0.4109375
0 0.3171875 0.5234375 0.3171875 0.4826139234375 0.2703125 0.48125 0.272523453125 0.5234375 0.3171875 0.5234375
0 0.5125 0.4359375 0.453125 0.4359375 0.45901974375 0.5625 0.5125 0.5600091171875 0.5125 0.4359375
0 0.35 0.5203125 0.3984397890625 0.5203125 0.4 0.3862283921875 0.35 0.3859375 0.35 0.5203125
0 0.459375 0.3796875 0.35625 0.3796875 0.36072321406249996 0.571875 0.459375 0.5695788546875 0.459375 0.3796875
0 0.4578125 0.0625 0.4578125 0.20932523125000002 0.5711330046875001 0.2086659515625 0.579646203125 0.0625 0.4578125 0.0625
0 0.41875 0.2078125 0.41875 0.0631285203125 0.2875 0.05625 0.2901455328125 0.2078125 0.41875 0.2078125
0 0.3171875 0.06875 0.2171875 0.06875 0.22359166562500002 0.20625 0.3171875 0.20134485 0.3171875 0.06875
0 0.21875 0.0125 0.121875 0.0125 0.130151709375 0.215625 0.21875 0.214594065625 0.21875 0.0125