0 0.1875 0.009375 0.1875 0.1999741875 0.2738909765625 0.197963415625 0.2749881515625 0.009375 0.1875 0.009375
0 0.38125 0.2078125 0.38125 0.073188953125 0.28595671093749997 0.068750596875 0.2932446375 0.2078125 0.38125 0.2078125
0 0.528125 0.2 0.6389311875 0.2 0.640625 0.054434056249999994 0.528125 0.053125 0.528125 0.2
0 0.4765625 0.20625 0.4765625 0.047678585937500004 0.3640625 0.04375 0.37163105937499996 0.20625 0.4765625 0.20625
0 0.29375 0.434375 0.234375 0.434375 0.234920421875 0.528125 0.29375 0.5267557265625 0.29375 0.434375
0 0.28125 0.403125 0.28125 0.5588980609374999 0.351186284375 0.5548247374999999 0.35913653125 0.403125 0.28125 0.403125
0 0.334375 0.5171875 0.373601128125 0.5171875 0.375 0.47712906562499996 0.334375 0.475 0.334375 0.5171875
0 0.5119272453125 0.5671875 0.51875 0.3718093234375 0.51875 0.370921375 0.4141555078125 0.37031286093750004 0.4140625 0.37297625624999997 0.4140625 0.5671875 0.5119272453125 0.5671875
0 0.578125 0.55625 0.578125 0.43677580312500003 0.509375 0.434375 0.514341025 0.55625 0.578125 0.55625
0 0.4625 0.515625 0.4625 0.3842308359375 0.4015625 0.3828125 0.4085229078125 0.515625 0.4625 0.515625
0 0.2265625 0.819642971875 0.2265625 0.8904502843750001 0.261873815625 0.8888056343749999 0.26554527656250004 0.81875 0.22660929843750002 0.81875 0.2265625 0.819642971875
0 0.2890625 0.7270352140624999 0.2484375 0.7265625 0.2484375 0.8140625 0.2890625 0.8140625 0.2890625 0.7270352140624999
0 0.353125 0.8890625 0.353125 0.77712646875 0.292317709375 0.77500303125 0.2929812890625 0.8890625 0.353125 0.8890625
0 0.45 0.884375 0.45 0.8304990218749999 0.40472790937500003 0.8281264125 0.40570973125 0.884375 0.45 0.884375
0 0.4984375 0.8796875 0.5309312984375001 0.8796875 0.5328125 0.7719135406250001 0.4984375 0.7703125 0.4984375 0.8796875
0 0.4078125 0.809375 0.46195999062500004 0.809375 0.4640625 0.7491670125 0.4078125 0.746875 0.4078125 0.809375