0 0.3140625 0.2171875 0.4007613359375 0.2171875 0.4015625 0.14833568125000002 0.3140625 0.14375 0.3140625 0.2171875
0 0.40625 0.2171875 0.484198196875 0.2171875 0.4875 0.0753286140625 0.40625 0.0734375 0.40625 0.2171875
0 0.4875 0.153125 0.4875 0.218723334375 0.558611384375 0.21624007031249998 0.55934579375 0.153125 0.4875 0.153125
0 0.73125 0.2171875 0.73125 0.1773547953125 0.596875 0.1703125 0.5985119109375 0.2171875 0.73125 0.2171875
0 0.38125 0.5609375 0.38125 0.461573846875 0.3265625 0.4609375 0.3277261046875 0.5609375 0.38125 0.5609375
0 0.453125 0.43125 0.3515625 0.43125 0.35305336875000004 0.559375 0.453125 0.5541304671875 0.453125 0.43125
0 0.5875 0.5640625 0.5875 0.376857115625 0.5141134515625 0.3734390828125 0.5141134515625 0.5640625 0.5875 0.5640625
0 0.4921875 0.5609375 0.5387233078125 0.5609375 0.546875 0.42097834531249995 0.4921875 0.41875 0.4921875 0.5609375
0 0.596875 0.5640625 0.6646216265625 0.5640625 0.66875 0.4458413484375 0.596875 0.44375 0.596875 0.5640625
0 0.30625 0.85 0.30625 0.9203125 0.353125 0.9203125 0.353125 0.85 0.30625 0.85
0 0.3734375 0.878125 0.3734375 0.7960488859375 0.33125 0.7953125 0.3317317890625 0.878125 0.3734375 0.878125
0 0.6453125 0.809375 0.603125 0.809375 0.609677378125 0.921875 0.6453125 0.9202152671875 0.6453125 0.809375
0 0.5828125 0.884375 0.6316826 0.884375 0.6328125 0.8358298515625 0.5828125 0.834375 0.5828125 0.884375
0 0.559375 0.9203125 0.559375 0.8232962593750001 0.4953125 0.8203125 0.5005532781250001 0.9203125 0.559375 0.9203125
0 0.359375 0.9140625 0.43677435156250005 0.9140625 0.446875 0.7213306546875 0.359375 0.7203125 0.359375 0.9140625