0 0.3390625 0.14453125 0.1 0.10546875
0 0.47265625 0.15 0.05703125 0.103125
0 0.54453125 0.134375 0.07421875 0.134375
0 0.65625 0.18203125 0.0703125 0.053125
0 0.3796875 0.4921875 0.059375 0.0890625
0 0.46328125 0.5046875 0.03828125 0.05546875
0 0.5796875 0.45 0.0875 0.18125
0 0.63828125 0.45703125 0.0203125 0.15859375
0 0.37109375 0.84453125 0.04765625 0.0578125
0 0.4453125 0.7859375 0.06640625 0.17890625
0 0.5578125 0.82734375 0.04375 0.1140625
0 0.6703125 0.7890625 0.071875 0.1875
0 0.625 0.828125 0.04609375 0.05234375
0 0.38203125 0.79921875 0.03515625 0.078125
0 0.53671875 0.82265625 0.0359375 0.05625
0 0.45390625 0.81015625 0.07890625 0.090625