0 0.36171875 0.81875 0.31484375 0.81875 0.31484375 0.8890625 0.36171875 0.8890625 0.36171875 0.81875
0 0.5015625 0.71015625 0.4171875 0.71015625 0.4171875 0.87890625 0.5015625 0.87890625 0.5015625 0.71015625
0 0.64453125 0.77734375 0.60546875 0.77734375 0.60546875 0.88046875 0.64453125 0.88046875 0.64453125 0.77734375
0 0.3703125 0.7609375 0.334375 0.7609375 0.334375 0.8515625 0.3703125 0.8515625 0.3703125 0.7609375
0 0.5546875 0.78359375 0.503125 0.78359375 0.503125 0.88046875 0.5546875 0.88046875 0.5546875 0.78359375
0 0.634375 0.7921875 0.584375 0.7921875 0.584375 0.8453125 0.634375 0.8453125 0.634375 0.7921875
0 0.3828125 0.44609375 0.328125 0.44609375 0.328125 0.52734375 0.3828125 0.52734375 0.3828125 0.44609375
0 0.46328125 0.38984375 0.35390625 0.38984375 0.35390625 0.52578125 0.46328125 0.52578125 0.46328125 0.38984375
0 0.55625 0.4 0.4984375 0.4 0.4984375 0.5234375 0.55625 0.5234375 0.55625 0.4
0 0.6671875 0.42109375 0.609375 0.42109375 0.609375 0.52265625 0.6671875 0.52265625 0.6671875 0.42109375
0 0.61328125 0.35 0.53359375 0.35 0.53359375 0.5234375 0.61328125 0.5234375 0.61328125 0.35
0 0.696875 0.03125 0.5953125 0.03125 0.5953125 0.1796875 0.696875 0.1796875 0.696875 0.03125
0 0.57421875 0.05625 0.47421875 0.05625 0.47421875 0.1796875 0.57421875 0.1796875 0.57421875 0.05625
0 0.4796875 0.0875 0.396875 0.0875 0.396875 0.18125 0.4796875 0.18125 0.4796875 0.0875
0 0.38828125 0.02734375 0.31640625 0.02734375 0.31640625 0.18203125 0.38828125 0.18203125 0.38828125 0.02734375