0 0.40010790468749996 0.2109375 0.4015625 0.14844213125 0.4015625 0.14769740781250001 0.3156423171875 0.1441964296875 0.315625 0.14494044687500002 0.315625 0.2109375 0.40010790468749996 0.2109375
0 0.4890625 0.2140625 0.4890625 0.0840873125 0.4078125 0.08125 0.40858518125 0.2140625 0.4890625 0.2140625
0 0.565625 0.14375 0.484375 0.14375 0.48736734843749996 0.2171875 0.565625 0.2167322109375 0.565625 0.14375
0 0.59375 0.1734375 0.59375 0.21715787031249997 0.7299770046875 0.21398715156249998 0.7311568796875 0.1734375 0.59375 0.1734375
0 0.38125 0.5625 0.38125 0.46128293437499995 0.321875 0.4609375 0.32423889375 0.5625 0.38125 0.5625
0 0.45625 0.5609375 0.45625 0.4351240234375 0.3453125 0.43125 0.348331009375 0.5609375 0.45625 0.5609375
0 0.590625 0.371875 0.521875 0.371875 0.525311465625 0.56875 0.590625 0.568370015625 0.590625 0.371875
0 0.55625 0.41875 0.496875 0.41875 0.49856586406250003 0.5640625 0.55625 0.5617120515625 0.55625 0.41875
0 0.66875 0.446875 0.6 0.446875 0.6040377140625 0.5625 0.66875 0.5613704421875 0.66875 0.446875
0 0.3046875 0.8515625 0.3046875 0.9171875 0.346875 0.9152225859374999 0.346875 0.8515625 0.3046875 0.8515625
0 0.375 0.8859375 0.375 0.7970585390625 0.325 0.7953125 0.325527240625 0.8859375 0.375 0.8859375
0 0.603125 0.8140625 0.603125 0.92313709375 0.6380178984375 0.921308434375 0.6436384203125 0.8140625 0.603125 0.8140625
0 0.5015625 0.821875 0.5015625 0.925 0.559375 0.925 0.559375 0.821875 0.5015625 0.821875
0 0.3625 0.915625 0.44083820625000003 0.915625 0.4484375 0.7291249734374999 0.3625 0.728125 0.3625 0.915625
0 0.6328125 0.8328125 0.5828125 0.8328125 0.5831033921875 0.8828125 0.6328125 0.8799172734375 0.6328125 0.8328125