0 0.2984375 0.909375 0.3390705609375 0.909375 0.340625 0.8425899140625001 0.2984375 0.840625 0.2984375 0.909375
0 0.63125 0.8015625 0.590625 0.8015625 0.5925886953124999 0.9140625 0.63125 0.912261821875 0.63125 0.8015625
0 0.578125 0.8203125 0.58016234375 0.8703125 0.615625 0.8703125 0.615625 0.8203125 0.578125 0.8203125
0 0.5375 0.809375 0.48914065000000007 0.809375 0.4932153125 0.90937439375 0.5375 0.90885909375 0.5375 0.809375
0 0.378125 0.696875 0.378125 0.903069140625 0.4397875640625 0.901633928125 0.44217015000000004 0.696875 0.378125 0.696875
0 0.359375 0.7828125 0.3234375 0.7828125 0.326438503125 0.86875 0.359375 0.86855838125 0.359375 0.7828125
0 0.3671875 0.55 0.3671875 0.46595820000000004 0.3078125 0.4625 0.31239818124999996 0.55 0.3671875 0.55
0 0.35625 0.41875 0.35625 0.546831584375 0.430504590625 0.542506746875 0.4312245859375 0.41875 0.35625 0.41875
0 0.484375 0.346875 0.484375 0.5530411921875 0.5476000640625001 0.5508333249999999 0.549973334375 0.346875 0.484375 0.346875
0 0.614965984375 0.55 0.615625 0.4367246984375 0.615625 0.435162696875 0.548464753125 0.4312510578125 0.5484375 0.43593547343749994 0.5484375 0.55 0.614965984375 0.55
0 0.5765625 0.0546875 0.5765625 0.21247863281249998 0.6731636859375 0.2113545765625 0.6749866718749999 0.0546875 0.5765625 0.0546875
0 0.484375 0.0125 0.484375 0.20625 0.5515625 0.205468203125 0.5515625 0.0125 0.484375 0.0125
0 0.390625 0.04375 0.390625 0.2 0.4671875 0.199554571875 0.4671875 0.04375 0.390625 0.04375
0 0.378125 0.03125 0.284375 0.03125 0.2911237015625 0.196875 0.378125 0.194850021875 0.378125 0.03125