0 0.2921875 0.1953125 0.3616832640625 0.1953125 0.3703125 0.0306568578125 0.2921875 0.0265625 0.2921875 0.1953125
0 0.3859375 0.04375 0.38781017812499996 0.2046875 0.46875 0.2046875 0.46875 0.04375 0.3859375 0.04375
0 0.4828125 0.0109375 0.4828125 0.2078125 0.553646521875 0.2078125 0.559375 0.0109375 0.4828125 0.0109375
0 0.678125 0.209375 0.678125 0.049165864062499995 0.5797253015625 0.0468755859375 0.5816161546874999 0.209375 0.678125 0.209375
0 0.3671875 0.465625 0.3078125 0.465625 0.3082851984375 0.546875 0.3671875 0.5451611187500001 0.3671875 0.465625
0 0.4328125 0.5484375 0.4328125 0.426672909375 0.3609375 0.425 0.368126915625 0.5484375 0.4328125 0.5484375
0 0.4875 0.553125 0.5508882875000001 0.553125 0.553125 0.3609024390625 0.4875 0.359375 0.4875 0.553125
0 0.61875 0.4265625 0.546875 0.4265625 0.5526969687500001 0.5515625 0.61875 0.5507939046875 0.61875 0.4265625
0 0.336877675 0.909375 0.340625 0.8450359359374999 0.340625 0.8448043453125 0.295352909375 0.8437506265625 0.2953125 0.844444428125 0.2953125 0.909375 0.336877675 0.909375
0 0.3609375 0.8671875 0.3609375 0.7829053421875 0.3203125 0.78125 0.3213124734375 0.8671875 0.3609375 0.8671875
0 0.5828125 0.7953125 0.5828125 0.9077591593750001 0.62994094375 0.9058388234375 0.6312270343749999 0.7953125 0.5828125 0.7953125
0 0.571875 0.8125 0.571875 0.8703125 0.6177408796875 0.8703125 0.61875 0.8125 0.571875 0.8125
0 0.4859375 0.909375 0.5319620421875 0.909375 0.5359375 0.8118102531250001 0.4859375 0.8109375 0.4859375 0.909375
0 0.4453125 0.89375 0.4453125 0.6984068156250001 0.379687940625 0.6953503015625 0.38315101875 0.89375 0.4453125 0.89375