0 0.35625 0.18125 0.43873778281250003 0.18125 0.440625 0.0190630171875 0.35625 0.015625 0.35625 0.18125
0 0.528125 0.046875 0.45 0.046875 0.45138178125 0.165625 0.528125 0.1647320109375 0.528125 0.046875
0 0.65 0.146875 0.7613061921875001 0.146875 0.76875 0.0048386921875 0.65 0 0.65 0.146875
0 0.5140625 0.1609375 0.6156461875 0.1609375 0.621875 0.0272023953125 0.5140625 0.0234375 0.5140625 0.1609375
0 0.459375 0.503125 0.459375 0.42916139375 0.4 0.428125 0.4008727046875 0.503125 0.459375 0.503125
0 0.403125 0.5 0.49624166875000003 0.5 0.49843733593749995 0.37421030625 0.403125 0.370326625 0.403125 0.5
0 0.496875 0.4703125 0.496875 0.5045825734375 0.5229978843749999 0.50321353125 0.5249141515625 0.4703125 0.496875 0.4703125
0 0.5453125 0.31875 0.5453125 0.5077164765625 0.65387384375 0.50582153125 0.65931706875 0.31875 0.5453125 0.31875
0 0.653125 0.38607519375 0.653125 0.50294855625 0.7195419046875 0.500242275 0.724865734375 0.3859375 0.6565042609375 0.3859375 0.653125 0.38607519375
0 0.6140625 0.371875 0.56875 0.371875 0.5726599125 0.50625 0.6140625 0.5052863453125 0.6140625 0.371875
0 0.365625 0.840625 0.41150343906250003 0.840625 0.4140625 0.7778211625 0.365625 0.775 0.365625 0.840625
0 0.4859375 0.840625 0.4859375 0.6972658859374999 0.41875 0.696875 0.4246073640625 0.840625 0.4859375 0.840625
0 0.5921875 0.79375 0.54375 0.79375 0.546041675 0.859375 0.5921875 0.8569566 0.5921875 0.79375
0 0.64375 0.75625 0.64375 0.8623704328124999 0.67910216875 0.8611359078125 0.682764865625 0.75625 0.64375 0.75625
0 0.565625 0.765625 0.565625 0.824935634375 0.62049303125 0.8223801140625 0.621814021875 0.765625 0.565625 0.765625