0 0.4015625 0.14564064999999998 0.3171875 0.144167878125 0.3171875 0.2109375 0.4015625 0.2109375 0.4015625 0.14564064999999998
0 0.484375 0.0734375 0.403125 0.0734375 0.4047795015625 0.215625 0.484375 0.2137723953125 0.484375 0.0734375
0 0.4875 0.1453125 0.4875 0.22015234062500003 0.556318984375 0.216545690625 0.5592215140625 0.1453125 0.4875 0.1453125
0 0.7171875 0.17301943749999998 0.594926803125 0.16875 0.59415624375 0.16875 0.5955648453125 0.2171605640625 0.5963361890625001 0.2171875 0.7171875 0.2171875 0.7171875 0.17301943749999998
0 0.38125 0.46875 0.3297607921875 0.46875 0.332443125 0.5609357953125 0.38125 0.5592314218750001 0.38125 0.46875
0 0.353125 0.4328125 0.353125 0.5577913390625 0.45886287187499997 0.557176175 0.46248148437500003 0.4328125 0.353125 0.4328125
0 0.590625 0.36875 0.5046875 0.36875 0.50806941875 0.5625 0.590625 0.5600978765625 0.590625 0.36875
0 0.490625 0.4171875 0.490625 0.559302784375 0.5412681078125 0.5578292203124999 0.54372301875 0.4171875 0.490625 0.4171875
0 0.603125 0.5625 0.665597809375 0.5625 0.6703125 0.47253835312500003 0.6703125 0.44994930312500003 0.60430595 0.446875 0.6035410156250001 0.446875 0.603125 0.45481304843750003 0.603125 0.5625
0 0.3484375 0.85 0.3078125 0.85 0.3090125359375 0.91875 0.3484375 0.9171435562499999 0.3484375 0.85
0 0.33125 0.88125 0.372969340625 0.88125 0.375 0.7940045296875 0.33125 0.79375 0.33125 0.88125
0 0.6488482624999999 0.917030990625 0.65 0.8180508484375 0.65 0.8171875 0.6079026171875 0.8171875 0.6078125 0.8249321249999999 0.6078125 0.9187030703125 0.6488482624999999 0.917030990625
0 0.6234375 0.884375 0.6234375 0.829716675 0.584375 0.828125 0.584702253125 0.884375 0.6234375 0.884375
0 0.55625 0.921875 0.55625 0.8216979375 0.5 0.81875 0.5036012046875 0.921875 0.55625 0.921875