0 0.359375 0.01484375 0.284375 0.01484375 0.284375 0.18046875 0.359375 0.18046875 0.359375 0.01484375
0 0.45 0.06640625 0.365625 0.06640625 0.365625 0.17578125 0.45 0.17578125 0.45 0.06640625
0 0.53046875 0.03515625 0.43828125 0.03515625 0.43828125 0.17578125 0.53046875 0.17578125 0.53046875 0.03515625
0 0.69140625 0.03984375 0.57890625 0.03984375 0.57890625 0.16953125 0.69140625 0.16953125 0.69140625 0.03984375
0 0.3546875 0.4609375 0.3015625 0.4609375 0.3015625 0.5171875 0.3546875 0.5171875 0.3546875 0.4609375
0 0.4234375 0.3859375 0.321875 0.3859375 0.321875 0.5125 0.4234375 0.5125 0.4234375 0.3859375
0 0.5296875 0.4109375 0.48125 0.4109375 0.48125 0.5125 0.5296875 0.5125 0.5296875 0.4109375
0 0.64453125 0.40234375 0.58671875 0.40234375 0.58671875 0.51015625 0.64453125 0.51015625 0.64453125 0.40234375
0 0.584375 0.33125 0.503125 0.33125 0.503125 0.5140625 0.584375 0.5140625 0.584375 0.33125
0 0.3140625 0.83125 0.265625 0.83125 0.265625 0.8984375 0.3140625 0.8984375 0.3140625 0.83125
0 0.6265625 0.78515625 0.571875 0.78515625 0.571875 0.90390625 0.6265625 0.90390625 0.6265625 0.78515625
0 0.540625 0.8359375 0.475 0.8359375 0.475 0.9 0.540625 0.9 0.540625 0.8359375
0 0.4140625 0.70859375 0.3390625 0.70859375 0.3390625 0.89296875 0.4140625 0.89296875 0.4140625 0.70859375
0 0.34453125 0.80234375 0.30234375 0.80234375 0.30234375 0.88515625 0.34453125 0.88515625 0.34453125 0.80234375