0 0.284375 0.0140625 0.284375 0.1796875 0.35262629843750004 0.1796875 0.359375 0.0140625 0.284375 0.0140625
0 0.365625 0.065625 0.365625 0.1749222078125 0.4455433109375 0.17352722812500002 0.4499399890625 0.065625 0.365625 0.065625
0 0.4375 0.034375 0.4375 0.17499047968749998 0.5296136796875001 0.174454578125 0.531243653125 0.034375 0.4375 0.034375
0 0.6899216578125 0.166813578125 0.690625 0.0459193140625 0.690625 0.040625 0.57981369375 0.040625 0.5796875 0.0623157390625 0.5796875 0.1687377234375 0.6899216578125 0.166813578125
0 0.3546875 0.4609375 0.3015625 0.4609375 0.30352679375 0.5171875 0.3546875 0.5154009296875001 0.3546875 0.4609375
0 0.4234375 0.3859375 0.321875 0.3859375 0.32776974375 0.5125 0.4234375 0.5080442015625 0.4234375 0.3859375
0 0.5296875 0.5125 0.5296875 0.4137586625 0.48125 0.4109375 0.48479664062500005 0.5125 0.5296875 0.5125
0 0.5875 0.403125 0.5875 0.5092021890625 0.6388013265625 0.5074107062500001 0.6436585109374999 0.403125 0.5875 0.403125
0 0.503125 0.5140625 0.575926425 0.5140625 0.584375 0.3326682234375 0.503125 0.33125 0.503125 0.5140625
0 0.3140625 0.83125 0.265625 0.83125 0.26601588593750003 0.8984375 0.3140625 0.8970394859375 0.3140625 0.83125
0 0.6265625 0.784375 0.571875 0.784375 0.5780984234375001 0.903125 0.6265625 0.90086775 0.6265625 0.784375
0 0.475 0.9 0.5387943015625 0.9 0.540625 0.8370829890625 0.475 0.8359375 0.475 0.9
0 0.4140625 0.8921875 0.4140625 0.710868515625 0.3390625 0.7078125 0.34013516250000003 0.8921875 0.4140625 0.8921875
0 0.34375 0.803125 0.303125 0.803125 0.3035976984375 0.884375 0.34375 0.8836741390625 0.34375 0.803125