0 0.321875 0.146875 0.325641809375 0.21875 0.4015625 0.21875 0.4015625 0.146875 0.321875 0.146875
0 0.484375 0.080534596875 0.4015625 0.078125 0.4015625 0.21875 0.484375 0.21875 0.484375 0.080534596875
0 0.484375 0.21875 0.5655854031249999 0.21875 0.56875 0.150804828125 0.484375 0.146875 0.484375 0.21875
0 0.73125 0.1734375 0.59375 0.1734375 0.5948773953125001 0.221875 0.73125 0.22108160781250003 0.73125 0.1734375
0 0.3296875 0.5625 0.39584319843750004 0.5625 0.4015625 0.439704309375 0.3296875 0.4359375 0.3296875 0.5625
0 0.46875 0.5625 0.46875 0.5052783046875 0.378125 0.5 0.3792159421875 0.5625 0.46875 0.5625
0 0.515625 0.375 0.515625 0.5623983828125 0.588443240625 0.55900681875 0.590584353125 0.375 0.515625 0.375
0 0.546875 0.419841028125 0.5 0.41875 0.5 0.5609375 0.546875 0.5609375 0.546875 0.419841028125
0 0.671875 0.4484375 0.603125 0.4484375 0.6051159687500001 0.5625 0.671875 0.5601687234375 0.671875 0.4484375
0 0.3515625 0.915625 0.3515625 0.8552329406249999 0.3046875 0.8546875 0.3078810984375 0.915625 0.3515625 0.915625
0 0.375 0.796875 0.33125 0.796875 0.336164284375 0.88125 0.375 0.8805721203125 0.375 0.796875
0 0.60625 0.8109375 0.6119821015625 0.9203125 0.65 0.9203125 0.65 0.8109375 0.60625 0.8109375
0 0.55625 0.81875 0.496875 0.81875 0.49809315 0.9234375 0.55625 0.9207288015625 0.55625 0.81875
0 0.4546875 0.9109375 0.4546875 0.7307106531249999 0.365625 0.7265625 0.367770396875 0.9109375 0.4546875 0.9109375