0 0.3171875 0.8359375 0.2640625 0.8359375 0.2640625 0.8984375 0.3171875 0.8984375 0.3171875 0.8359375
0 0.63203125 0.78515625 0.57734375 0.78515625 0.57734375 0.90390625 0.63203125 0.90390625 0.63203125 0.78515625
0 0.5421875 0.83984375 0.471875 0.83984375 0.471875 0.90703125 0.5421875 0.90703125 0.5421875 0.83984375
0 0.425 0.71484375 0.3390625 0.71484375 0.3390625 0.89609375 0.425 0.89609375 0.425 0.71484375
0 0.34375 0.8 0.3046875 0.8 0.3046875 0.8921875 0.34375 0.8921875 0.34375 0.8
0 0.36171875 0.46875 0.29921875 0.46875 0.29921875 0.5171875 0.36171875 0.5171875 0.36171875 0.46875
0 0.43515625 0.38125 0.31796875 0.38125 0.31796875 0.51875 0.43515625 0.51875 0.43515625 0.38125
0 0.53828125 0.4109375 0.47890625 0.4109375 0.47890625 0.5171875 0.53828125 0.5171875 0.53828125 0.4109375
0 0.640625 0.40625 0.58125 0.40625 0.58125 0.5125 0.640625 0.5125 0.640625 0.40625
0 0.5859375 0.33359375 0.503125 0.33359375 0.503125 0.51328125 0.5859375 0.51328125 0.5859375 0.33359375
0 0.68984375 0.04453125 0.58046875 0.04453125 0.58046875 0.17421875 0.68984375 0.17421875 0.68984375 0.04453125
0 0.525 0.04609375 0.434375 0.04609375 0.434375 0.18359375 0.525 0.18359375 0.525 0.04609375
0 0.4578125 0.0859375 0.3609375 0.0859375 0.3609375 0.18125 0.4578125 0.18125 0.4578125 0.0859375
0 0.36328125 0.01875 0.28359375 0.01875 0.28359375 0.1875 0.36328125 0.1875 0.36328125 0.01875