0 0.375 0.175 0.4423875328125 0.175 0.45 0.0115572765625 0.375 0.009375 0.375 0.175
0 0.4578125 0.05 0.4578125 0.1609149671875 0.536209125 0.15954655 0.5374838140625 0.05 0.4578125 0.05
0 0.51953125 0.015625 0.51953125 0.15934771875 0.60859375 0.1562375875 0.60859375 0.015625 0.51953125 0.015625
0 0.6609375 0 0.6609375 0.140553578125 0.7755957296875 0.1385522109375 0.7796271875 0 0.6609375 0
0 0.415625 0.43125 0.415625 0.5029300234375 0.4598762578125 0.5008689875 0.4639311015625 0.43125 0.415625 0.43125
0 0.5171875 0.5046875 0.5171875 0.3706250125 0.41875 0.3671875 0.4219503484375 0.5046875 0.5171875 0.5046875
0 0.5163065859375 0.503125 0.5453125 0.5021120906250001 0.5453125 0.4640625 0.518091025 0.4640625 0.5130107781250001 0.46423990625 0.51414221875 0.503125 0.5163065859375 0.503125
0 0.56875 0.50625 0.6645273328125 0.50625 0.665625 0.317577003125 0.56875 0.3125 0.56875 0.50625
0 0.740625 0.5 0.740625 0.3862661140625 0.659375 0.384375 0.6620662015625001 0.5 0.740625 0.5
0 0.3796875 0.8390625 0.4285775734375 0.8390625 0.4296875 0.77547484375 0.3796875 0.7734375 0.3796875 0.8390625
0 0.428125 0.6859375 0.428125 0.8388446171874999 0.4962152578125 0.8360701515625 0.5014580046875 0.6859375 0.428125 0.6859375
0 0.5515625 0.7921875 0.5515625 0.851514240625 0.6010515796875 0.8503623687499999 0.603083090625 0.7921875 0.5515625 0.7921875
0 0.6546875 0.75625 0.6546875 0.8607104015625 0.7013741015625 0.8585359374999999 0.7061381453125 0.75625 0.6546875 0.75625
0 0.640625 0.8140625 0.640625 0.7607234843749999 0.578125 0.7578125 0.578779528125 0.8140625 0.640625 0.8140625