0 0.2765625 0.007823653125 0.2765625 0.17171201875 0.34991376875 0.1691505359375 0.354608225 0.0078125 0.276881890625 0.0078125 0.2765625 0.007823653125
0 0.3640625 0.1625 0.4304003609375 0.1625 0.434375 0.0649553671875 0.3640625 0.0625 0.3640625 0.1625
0 0.43167968749999996 0.0312631828125 0.43125 0.068190453125 0.43125 0.1609318421875 0.5262383453125 0.15927381406250002 0.5265625 0.131416015625 0.5265625 0.03125 0.43243492968749997 0.03125 0.43167968749999996 0.0312631828125
0 0.696875 0.153125 0.696875 0.01700678125 0.578125 0.015625 0.5797249578125 0.153125 0.696875 0.153125
0 0.35 0.4609375 0.3079026609375 0.4609375 0.30913914375 0.5140618 0.35 0.5135863421875 0.35 0.4609375
0 0.4796875 0.3890625 0.4796875 0.50777229375 0.5329932187499999 0.50622125625 0.534356484375 0.3890625 0.4796875 0.3890625
0 0.315625 0.371875 0.315625 0.50625 0.4210827046875 0.50625 0.428125 0.371875 0.315625 0.371875
0 0.5875 0.3125 0.5015625 0.3125 0.5093298734375 0.503125 0.5875 0.50267021875 0.5875 0.3125
0 0.6409926968749999 0.5 0.646875 0.38775898125 0.646875 0.3873879375 0.585998040625 0.385971009375 0.5859375 0.38712619375 0.5859375 0.5 0.6409926968749999 0.5
0 0.315625 0.8875 0.315625 0.8210787875 0.265625 0.81875 0.2668250359375 0.8875 0.315625 0.8875
0 0.471875 0.8140625 0.471875 0.8765434437499999 0.5279745140625 0.8762170656249999 0.5312318968749999 0.8140625 0.471875 0.8140625
0 0.3046875 0.8765625 0.349009478125 0.8765625 0.35 0.7914372281250001 0.3046875 0.7890625 0.3046875 0.8765625
0 0.3375 0.88125 0.41141079999999997 0.88125 0.41875 0.7011331328125 0.3375 0.696875 0.3375 0.88125
0 0.571875 0.88125 0.6278040593750001 0.88125 0.6296873078125 0.7733588296875 0.571875 0.7703290140625 0.571875 0.88125