0 0.3546875 0.0265625 0.26875 0.0265625 0.26875 0.1875 0.3546875 0.1875 0.3546875 0.0265625
0 0.4390625 0.0875 0.359375 0.0875 0.359375 0.1859375 0.4390625 0.1859375 0.4390625 0.0875
0 0.515625 0.05625 0.428125 0.05625 0.428125 0.1859375 0.515625 0.1859375 0.515625 0.05625
0 0.69140625 0.04375 0.56640625 0.04375 0.56640625 0.1875 0.69140625 0.1875 0.69140625 0.04375
0 0.36015625 0.47890625 0.30546875 0.47890625 0.30546875 0.53203125 0.36015625 0.53203125 0.36015625 0.47890625
0 0.428125 0.38984375 0.315625 0.38984375 0.315625 0.52734375 0.428125 0.52734375 0.428125 0.38984375
0 0.5328125 0.42734375 0.4765625 0.42734375 0.4765625 0.52890625 0.5328125 0.52890625 0.5328125 0.42734375
0 0.646875 0.41953125 0.584375 0.41953125 0.584375 0.52890625 0.646875 0.52890625 0.646875 0.41953125
0 0.5875 0.34609375 0.50625 0.34609375 0.50625 0.52734375 0.5875 0.52734375 0.5875 0.34609375
0 0.321875 0.84765625 0.2671875 0.84765625 0.2671875 0.90703125 0.321875 0.90703125 0.321875 0.84765625
0 0.3515625 0.81484375 0.296875 0.81484375 0.296875 0.89765625 0.3515625 0.89765625 0.3515625 0.81484375
0 0.428125 0.72109375 0.346875 0.72109375 0.346875 0.91171875 0.428125 0.91171875 0.428125 0.72109375
0 0.53828125 0.8359375 0.48515625 0.8359375 0.48515625 0.915625 0.53828125 0.915625 0.53828125 0.8359375
0 0.63515625 0.80859375 0.58203125 0.80859375 0.58203125 0.91640625 0.63515625 0.91640625 0.63515625 0.80859375