0 0.4375 0.0015625 0.359375 0.0015625 0.36337543437500003 0.1734375 0.4375 0.17041715468750002 0.4375 0.0015625
0 0.528125 0.1671875 0.528125 0.050872704687500006 0.453125 0.05 0.45380677656249996 0.1671875 0.528125 0.1671875
0 0.7625 0.0015625 0.653125 0.0015625 0.6539431328124999 0.1421875 0.7625 0.1358647828125 0.7625 0.0015625
0 0.515625 0.153125 0.618289846875 0.153125 0.6203125 0.066223596875 0.6203125 0.01419455625 0.5168346703125 0.009375 0.5161282671875 0.009375 0.515625 0.030997437500000002 0.515625 0.153125
0 0.40625 0.503125 0.46206527968750005 0.503125 0.465625 0.44200696875 0.40625 0.440625 0.40625 0.503125
0 0.4109375 0.360564334375 0.4109375 0.5046875 0.4441473578125 0.5046875 0.505404596875 0.50254835 0.5062375546875 0.359375 0.4236193359375 0.359375 0.41094184375 0.3598177078125 0.4109375 0.360564334375
0 0.6203125 0.359375 0.56875 0.359375 0.57209581875 0.503125 0.6203125 0.5005980703125 0.6203125 0.359375
0 0.73125 0.384375 0.65625 0.384375 0.6624734234375 0.503125 0.73125 0.5015242078125 0.73125 0.384375
0 0.578125 0.5015625 0.6527412515625 0.5015625 0.659375 0.3115967796875 0.578125 0.3078125 0.578125 0.5015625
0 0.4203125 0.8421875 0.4203125 0.7700086625 0.371875 0.7671875 0.376243253125 0.8421875 0.4203125 0.8421875
0 0.5 0.84375 0.5 0.6832670171874999 0.421875 0.6828125 0.424684175 0.84375 0.5 0.84375
0 0.5547776453125 0.7765625 0.5547776453125 0.8546875 0.596875 0.8546875 0.596875 0.7765625 0.5547776453125 0.7765625
0 0.69375 0.865625 0.69375 0.7607843875 0.6453125 0.759375 0.64654883125 0.865625 0.69375 0.865625
0 0.5796875 0.8234375 0.62951881875 0.8234375 0.63125 0.7639406734375 0.5796875 0.7609375 0.5796875 0.8234375