0 0.340625 0.840625 0.296875 0.840625 0.29887542031250003 0.909375 0.340625 0.9079170718749999 0.340625 0.840625
0 0.63125 0.803125 0.592340353125 0.803125 0.592340353125 0.9093714421874999 0.63125 0.9080126875 0.63125 0.803125
0 0.6140625 0.8734375 0.6140625 0.820569365625 0.575 0.81875 0.576272865625 0.8734375 0.6140625 0.8734375
0 0.490625 0.84375 0.490625 0.9093616703125 0.538298884375 0.9085295203125 0.5390526625 0.84375 0.490625 0.84375
0 0.48125 0.8734375 0.5301141656249999 0.8734375 0.5328125 0.8155031734374999 0.48125 0.8125 0.48125 0.8734375
0 0.3765625 0.696875 0.3802171546875 0.90625 0.4453125 0.90625 0.4453125 0.696875 0.3765625 0.696875
0 0.359375 0.8703125 0.359375 0.785247821875 0.321875 0.784375 0.3233750453125 0.8703125 0.359375 0.8703125
0 0.36875 0.55 0.36875 0.46160334531249997 0.3140625 0.459375 0.3188119546875 0.55 0.36875 0.55
0 0.353125 0.55 0.43260640937500006 0.55 0.4375 0.4098658796875 0.353125 0.409375 0.353125 0.55
0 0.553125 0.353125 0.4828125 0.353125 0.4875402875 0.55625 0.553125 0.5558684390625 0.553125 0.353125
0 0.5453125 0.5546875 0.6172790203125 0.5546875 0.61875 0.4282717765625 0.5453125 0.4265625 0.5453125 0.5546875
0 0.378125 0.0296875 0.290625 0.0296875 0.2947345375 0.20625 0.378125 0.201879690625 0.378125 0.0296875
0 0.390625 0.203125 0.4678049421875 0.203125 0.46875 0.04068335 0.390625 0.0375 0.390625 0.203125
0 0.559375 0.0171875 0.484375 0.0171875 0.488811846875 0.2078125 0.559375 0.20534837968750003 0.559375 0.0171875
0 0.678125 0.2125 0.678125 0.06068832656249999 0.5828720875 0.056251850000000006 0.5892387125 0.2125 0.678125 0.2125