0 0.36640625 0.81875 0.31953125 0.81875 0.31953125 0.8859375 0.36640625 0.8859375 0.36640625 0.81875
0 0.5640625 0.77890625 0.5109375 0.77890625 0.5109375 0.87890625 0.5640625 0.87890625 0.5640625 0.77890625
0 0.384375 0.7609375 0.340625 0.7609375 0.340625 0.8390625 0.384375 0.8390625 0.384375 0.7609375
0 0.65078125 0.76640625 0.62265625 0.76640625 0.62265625 0.87734375 0.65078125 0.87734375 0.65078125 0.76640625
0 0.6421875 0.7921875 0.590625 0.7921875 0.590625 0.83125 0.6421875 0.83125 0.6421875 0.7921875
0 0.46875 0.71875 0.3953125 0.71875 0.3953125 0.875 0.46875 0.875 0.46875 0.71875
0 0.3890625 0.44609375 0.334375 0.44609375 0.334375 0.52421875 0.3890625 0.52421875 0.3890625 0.44609375
0 0.4671875 0.37578125 0.365625 0.37578125 0.365625 0.52578125 0.4671875 0.52578125 0.4671875 0.37578125
0 0.5578125 0.39375 0.503125 0.39375 0.503125 0.51875 0.5578125 0.51875 0.5578125 0.39375
0 0.67578125 0.41328125 0.62109375 0.41328125 0.62109375 0.52734375 0.67578125 0.52734375 0.67578125 0.41328125
0 0.6203125 0.33984375 0.5421875 0.33984375 0.5421875 0.52578125 0.6203125 0.52578125 0.6203125 0.33984375
0 0.73046875 0.03515625 0.60078125 0.03515625 0.60078125 0.17265625 0.73046875 0.17265625 0.73046875 0.03515625
0 0.5640625 0.034375 0.459375 0.034375 0.459375 0.171875 0.5640625 0.171875 0.5640625 0.034375
0 0.48125 0.06484375 0.3953125 0.06484375 0.3953125 0.16953125 0.48125 0.16953125 0.48125 0.06484375
0 0.30625 0 0.30625 0.16875 0.3984375 0.16875 0.3984375 0 0.30625 0