0 0.328125 0.048527620312500006 0.328125 0.1781023515625 0.3923462125 0.1773550703125 0.3968481140625 0.0484375 0.3358699765625 0.0484375 0.328125 0.048527620312500006
0 0.4875 0.10625 0.40625 0.10625 0.4104262453125 0.1859375 0.4875 0.1823477328125 0.4875 0.10625
0 0.703125 0.1859375 0.703125 0.037628459375 0.60625 0.0359375 0.6132363625 0.1859375 0.703125 0.1859375
0 0.58125 0.18125 0.58125 0.0975700203125 0.4875 0.09375 0.48902731875 0.18125 0.58125 0.18125
0 0.3375 0.5328125 0.3834874828125 0.5328125 0.3875 0.44666216875 0.3375 0.44375 0.3375 0.5328125
0 0.359375 0.53125 0.47348919062499994 0.53125 0.4765625 0.3992080953125 0.359375 0.39375 0.359375 0.53125
0 0.50625 0.4125 0.50625 0.5327921328125 0.5555500421875 0.5313576484375 0.5562415359374999 0.4125 0.50625 0.4125
0 0.6171875 0.5359375 0.6699645656250001 0.5359375 0.675 0.439855678125 0.6171875 0.4375 0.6171875 0.5359375
0 0.5375 0.53125 0.6130443484375 0.53125 0.6140625 0.3562446828125 0.5375 0.353125 0.5375 0.53125
0 0.3671875 0.8234375 0.315625 0.8234375 0.316370434375 0.8875 0.3671875 0.8854293625 0.3671875 0.8234375
0 0.6443251171875 0.890625 0.65 0.7823418015625 0.65 0.7815133671875001 0.604817709375 0.7812505046875 0.6046875 0.7837350468750001 0.6046875 0.890625 0.6443251171875 0.890625
0 0.3359375 0.765625 0.3359375 0.8405182812499999 0.371943984375 0.8392609078125 0.3749444171875 0.765625 0.3359375 0.765625
0 0.415625 0.8734375 0.5025532328125 0.8734375 0.50625 0.7146093203125 0.415625 0.7125 0.415625 0.8734375
0 0.5578125 0.7984375 0.503125 0.7984375 0.506881353125 0.890625 0.5578125 0.8879558125000001 0.5578125 0.7984375