0 0.4015625 0.21875 0.4015625 0.148729746875 0.321875 0.146875 0.32522263125 0.21875 0.4015625 0.21875
0 0.484375 0.078125 0.4015625 0.078125 0.40647323281250003 0.21875 0.484375 0.2142127390625 0.484375 0.078125
0 0.56875 0.146875 0.484375 0.146875 0.48856124218749997 0.21875 0.56875 0.21594974687500001 0.56875 0.146875
0 0.59375 0.1734375 0.59375 0.22185039843749998 0.7298406125 0.219474928125 0.731180165625 0.1734375 0.59375 0.1734375
0 0.4015625 0.4359375 0.3296875 0.4359375 0.3311601875 0.5625 0.4015625 0.5608613671875 0.4015625 0.4359375
0 0.378125 0.5 0.378125 0.5625 0.46875 0.5593353046875 0.46875 0.5 0.378125 0.5
0 0.590625 0.375 0.5172384625 0.375 0.51832929375 0.5624982203125 0.590625 0.5587093624999999 0.590625 0.375
0 0.5015625 0.41875 0.5015625 0.5609375 0.546875 0.5590911578125 0.546875 0.41875 0.5015625 0.41875
0 0.603125 0.4484375 0.603125 0.562306696875 0.665231615625 0.5604995796875001 0.6717584890625 0.4484375 0.603125 0.4484375
0 0.3515625 0.915625 0.3515625 0.8568707375000001 0.3046875 0.8546875 0.30575116874999997 0.915625 0.3515625 0.915625
0 0.33125 0.798069853125 0.335051403125 0.8796875 0.375 0.8796875 0.375 0.80036269375 0.374965753125 0.7996274 0.33125 0.7973363546875001 0.33125 0.798069853125
0 0.65 0.9203125 0.65 0.8124652843750001 0.60625 0.8109375 0.6119821015625 0.9203125 0.65 0.9203125
0 0.5532256062500001 0.9231011562500001 0.55625 0.8191594906249999 0.55625 0.81875 0.498502596875 0.81875 0.4984375 0.82098725 0.4984375 0.9234199046875 0.5532256062500001 0.9231011562500001
0 0.4546875 0.9109375 0.4546875 0.7296726312499999 0.365625 0.7265625 0.37528768437500004 0.9109375 0.4546875 0.9109375