0 0.315625 0.196875 0.3715259359375 0.196875 0.3734375 0.0325956015625 0.315625 0.03125 0.315625 0.196875
0 0.390625 0.04375 0.390625 0.1999206421875 0.45664764687500004 0.19799957968749998 0.45934008281249994 0.04375 0.390625 0.04375
0 0.48125 0.2046875 0.5431895046874999 0.2046875 0.5484375 0.054404590625000006 0.5484375 0.020286096875 0.482440446875 0.01875 0.48169582499999997 0.01875 0.48125 0.031516754687499995 0.48125 0.2046875
0 0.68125 0.028125 0.5828125 0.028125 0.58597623125 0.209375 0.68125 0.207157478125 0.68125 0.028125
0 0.3652385359375 0.5515625 0.3671875 0.4399064328125 0.3671875 0.43919386875 0.3156374328125 0.43799402656249997 0.315625 0.4387063015625 0.315625 0.5515625 0.3652385359375 0.5515625
0 0.398312775 0.5515625 0.4265625 0.5505759984374999 0.4265625 0.4125 0.37563569218750004 0.4125 0.3629447765625 0.4129431765625 0.36375124062499997 0.5515625 0.398312775 0.5515625
0 0.4890625 0.353125 0.4890625 0.5498665734375 0.5416583375 0.549254565625 0.5530815828125 0.353125 0.4890625 0.353125
0 0.6125 0.43125 0.55 0.43125 0.553455271875 0.55 0.6125 0.5493129531250001 0.6125 0.43125
0 0.34375 0.909375 0.34375 0.8440590718750001 0.290625 0.84375 0.2917704890625 0.909375 0.34375 0.909375
0 0.321875 0.7828125 0.321875 0.86862771875 0.35637399687500004 0.8672219921875 0.359321640625 0.7828125 0.321875 0.7828125
0 0.4390625 0.6984375 0.3796875 0.6984375 0.3881552109375 0.90625 0.4390625 0.9041756875000001 0.4390625 0.6984375
0 0.49375 0.90625 0.5349194125000001 0.90625 0.5375 0.842917840625 0.49375 0.840625 0.49375 0.90625
0 0.48125 0.865625 0.5313191125000001 0.865625 0.5328125 0.8143006015625 0.48125 0.8125 0.48125 0.865625
0 0.60990390625 0.803125 0.5875318328125 0.80390625 0.591797521875 0.90859375 0.628125 0.9073251671874999 0.628125 0.803125 0.60990390625 0.803125
0 0.6171875 0.81875 0.5734375 0.81875 0.5737283921875 0.86875 0.6171875 0.866725859375 0.6171875 0.81875