0 0.2390625 0.00234375 0.1375 0.00234375 0.1375 0.21171875 0.2390625 0.21171875 0.2390625 0.00234375
0 0.33828125 0.06484375 0.24609375 0.06484375 0.24609375 0.20859375 0.33828125 0.20859375 0.33828125 0.06484375
0 0.59296875 0.0609375 0.48515625 0.0609375 0.48515625 0.2078125 0.59296875 0.2078125 0.59296875 0.0609375
0 0.4 0.0421875 0.309375 0.0421875 0.309375 0.2078125 0.4 0.2078125 0.4 0.0421875
0 0.2515625 0.43984375 0.1953125 0.43984375 0.1953125 0.52265625 0.2515625 0.52265625 0.2515625 0.43984375
0 0.325 0.4046875 0.21875 0.4046875 0.21875 0.5640625 0.325 0.5640625 0.325 0.4046875
0 0.33125 0.475 0.2921875 0.475 0.2921875 0.5109375 0.33125 0.5109375 0.33125 0.475
0 0.53828125 0.43359375 0.47265625 0.43359375 0.47265625 0.55703125 0.53828125 0.55703125 0.53828125 0.43359375
0 0.4234375 0.37734375 0.3640625 0.37734375 0.3640625 0.52890625 0.4234375 0.52890625 0.4234375 0.37734375
0 0.478125 0.37734375 0.3765625 0.37734375 0.3765625 0.55859375 0.478125 0.55859375 0.478125 0.37734375
0 0.2359375 0.82578125 0.190625 0.82578125 0.190625 0.88359375 0.2359375 0.88359375 0.2359375 0.82578125
0 0.25390625 0.7375 0.21015625 0.7375 0.21015625 0.81875 0.25390625 0.81875 0.25390625 0.7375
0 0.4171875 0.81328125 0.3765625 0.81328125 0.3765625 0.88046875 0.4171875 0.88046875 0.4171875 0.81328125
0 0.321875 0.77734375 0.2546875 0.77734375 0.2546875 0.88359375 0.321875 0.88359375 0.321875 0.77734375
0 0.503125 0.79375 0.4671875 0.79375 0.4671875 0.8765625 0.503125 0.8765625 0.503125 0.79375
0 0.421875 0.74609375 0.378125 0.74609375 0.378125 0.80546875 0.421875 0.80546875 0.421875 0.74609375
0 0.49609375 0.74609375 0.45546875 0.74609375 0.45546875 0.79765625 0.49609375 0.79765625 0.49609375 0.74609375