0 0.3546875 0.00703125 0.2765625 0.00703125 0.2765625 0.17265625 0.3546875 0.17265625 0.3546875 0.00703125
0 0.434375 0.0625 0.3640625 0.0625 0.3640625 0.1625 0.434375 0.1625 0.434375 0.0625
0 0.52734375 0.03125 0.43203125 0.03125 0.43203125 0.1609375 0.52734375 0.1609375 0.52734375 0.03125
0 0.696875 0.01640625 0.578125 0.01640625 0.578125 0.15234375 0.696875 0.15234375 0.696875 0.01640625
0 0.35078125 0.4609375 0.30703125 0.4609375 0.30703125 0.5140625 0.35078125 0.5140625 0.35078125 0.4609375
0 0.534375 0.38984375 0.4796875 0.38984375 0.4796875 0.50859375 0.534375 0.50859375 0.534375 0.38984375
0 0.428125 0.37109375 0.315625 0.37109375 0.315625 0.50703125 0.428125 0.50703125 0.428125 0.37109375
0 0.5875 0.31328125 0.5015625 0.31328125 0.5015625 0.50234375 0.5875 0.50234375 0.5875 0.31328125
0 0.64765625 0.38515625 0.58515625 0.38515625 0.58515625 0.50078125 0.64765625 0.50078125 0.64765625 0.38515625
0 0.315625 0.81875 0.265625 0.81875 0.265625 0.8875 0.315625 0.8875 0.315625 0.81875
0 0.53203125 0.81484375 0.47265625 0.81484375 0.47265625 0.87734375 0.53203125 0.87734375 0.53203125 0.81484375
0 0.35 0.78984375 0.3046875 0.78984375 0.3046875 0.87734375 0.35 0.87734375 0.35 0.78984375
0 0.41875 0.69609375 0.3375 0.69609375 0.3375 0.88203125 0.41875 0.88203125 0.41875 0.69609375
0 0.6296875 0.76953125 0.571875 0.76953125 0.571875 0.88203125 0.6296875 0.88203125 0.6296875 0.76953125