0 0.259375 0.8546875 0.2611026359375 0.9140625 0.3 0.9140625 0.3 0.8546875 0.259375 0.8546875
0 0.484375 0.89375 0.484375 0.8402841625 0.43125 0.8375 0.431904528125 0.89375 0.484375 0.89375
0 0.5622319578125 0.8828125 0.565625 0.7995412546875 0.565625 0.7988189140624999 0.529716884375 0.7973557703124999 0.5296875 0.7980769140625 0.5296875 0.8828125 0.5622319578125 0.8828125
0 0.3109375 0.7633036375 0.2703125 0.7609375 0.2703125 0.84375 0.3109375 0.84375 0.3109375 0.7633036375
0 0.3890625 0.80586268125 0.321875 0.803125 0.321875 0.9 0.3890625 0.9 0.3890625 0.80586268125
0 0.4328125 0.8203125 0.476714853125 0.8203125 0.4796875 0.763591028125 0.4328125 0.7625 0.4328125 0.8203125
0 0.509375 0.753125 0.509375 0.7998409859375 0.5566448421875 0.79708783125 0.5592053859375 0.753125 0.509375 0.753125
0 0.240625 0.4859375 0.240625 0.5671875 0.2875 0.5650042625 0.2875 0.4859375 0.240625 0.4859375
0 0.2484375 0.44375 0.2484375 0.599857065625 0.355873784375 0.5979817578125 0.363956728125 0.44375 0.2484375 0.44375
0 0.453125 0.39375 0.403125 0.39375 0.40488858906249997 0.5453125 0.453125 0.54503186875 0.453125 0.39375
0 0.578125 0.434375 0.5125 0.434375 0.515009165625 0.578125 0.578125 0.5748172390625 0.578125 0.434375
0 0.5140625 0.5875 0.5140625 0.39303459687500003 0.43125 0.390625 0.44156778125 0.5875 0.5140625 0.5875
0 0.515625 0.209375 0.620699425 0.209375 0.625 0.061573825000000006 0.515625 0.0609375 0.515625 0.209375
0 0.3535534265625 0.0781602140625 0.353125 0.08633508125 0.353125 0.22781402812499998 0.444885809375 0.22354020000000002 0.4515625 0.09614133281250001 0.4515625 0.078125 0.3543094859375 0.078125 0.3535534265625 0.0781602140625
0 0.35625 0.1125 0.271875 0.1125 0.2725840484375 0.234375 0.35625 0.23194056875000002 0.35625 0.1125
0 0.26875 0.0573459265625 0.178125 0.053125 0.178125 0.246875 0.26875 0.246875 0.26875 0.0573459265625