0 0.4015625 0.14375 0.3140625 0.14375 0.3140625 0.2171875 0.4015625 0.2171875 0.4015625 0.14375
0 0.48671875 0.0734375 0.40703125 0.0734375 0.40703125 0.2171875 0.48671875 0.2171875 0.48671875 0.0734375
0 0.56015625 0.15234375 0.48671875 0.15234375 0.48671875 0.21953125 0.56015625 0.21953125 0.56015625 0.15234375
0 0.73125 0.17109375 0.596875 0.17109375 0.596875 0.21796875 0.73125 0.21796875 0.73125 0.17109375
0 0.38125 0.4609375 0.3265625 0.4609375 0.3265625 0.5609375 0.38125 0.5609375 0.38125 0.4609375
0 0.453125 0.43125 0.3515625 0.43125 0.3515625 0.559375 0.453125 0.559375 0.453125 0.43125
0 0.58828125 0.3734375 0.51328125 0.3734375 0.51328125 0.5640625 0.58828125 0.5640625 0.58828125 0.3734375
0 0.546875 0.41875 0.4921875 0.41875 0.4921875 0.5609375 0.546875 0.5609375 0.546875 0.41875
0 0.66875 0.44375 0.596875 0.44375 0.596875 0.5640625 0.66875 0.5640625 0.66875 0.44375
0 0.353125 0.85 0.30625 0.85 0.30625 0.9203125 0.353125 0.9203125 0.353125 0.85
0 0.3734375 0.79453125 0.33125 0.79453125 0.33125 0.87890625 0.3734375 0.87890625 0.3734375 0.79453125
0 0.6453125 0.80859375 0.603125 0.80859375 0.603125 0.92265625 0.6453125 0.92265625 0.6453125 0.80859375
0 0.6328125 0.83359375 0.5828125 0.83359375 0.5828125 0.88515625 0.6328125 0.88515625 0.6328125 0.83359375
0 0.559375 0.82109375 0.4953125 0.82109375 0.4953125 0.92109375 0.559375 0.92109375 0.559375 0.82109375
0 0.44765625 0.72109375 0.36015625 0.72109375 0.36015625 0.91484375 0.44765625 0.91484375 0.44765625 0.72109375