0 0.4015625 0.14609375 0.321875 0.14609375 0.321875 0.21953125 0.4015625 0.21953125 0.4015625 0.14609375
0 0.484375 0.07734375 0.4015625 0.07734375 0.4015625 0.21953125 0.484375 0.21953125 0.484375 0.07734375
0 0.56953125 0.14609375 0.48515625 0.14609375 0.48515625 0.21953125 0.56953125 0.21953125 0.56953125 0.14609375
0 0.73125 0.1734375 0.59375 0.1734375 0.59375 0.221875 0.73125 0.221875 0.73125 0.1734375
0 0.4015625 0.4359375 0.3296875 0.4359375 0.3296875 0.5625 0.4015625 0.5625 0.4015625 0.4359375
0 0.46875 0.5 0.378125 0.5 0.378125 0.5625 0.46875 0.5625 0.46875 0.5
0 0.59140625 0.375 0.51640625 0.375 0.51640625 0.5625 0.59140625 0.5625 0.59140625 0.375
0 0.54765625 0.41875 0.50078125 0.41875 0.50078125 0.5609375 0.54765625 0.5609375 0.54765625 0.41875
0 0.671875 0.4484375 0.603125 0.4484375 0.603125 0.5625 0.671875 0.5625 0.671875 0.4484375
0 0.3515625 0.8546875 0.3046875 0.8546875 0.3046875 0.915625 0.3515625 0.915625 0.3515625 0.8546875
0 0.375 0.79765625 0.33125 0.79765625 0.33125 0.88046875 0.375 0.88046875 0.375 0.79765625
0 0.65 0.8109375 0.60625 0.8109375 0.60625 0.9203125 0.65 0.9203125 0.65 0.8109375
0 0.55703125 0.81875 0.49765625 0.81875 0.49765625 0.9234375 0.55703125 0.9234375 0.55703125 0.81875
0 0.4546875 0.72734375 0.365625 0.72734375 0.365625 0.91171875 0.4546875 0.91171875 0.4546875 0.72734375