0 0.3609375 0.8890625 0.3609375 0.8195682062499999 0.3140625 0.81875 0.314471565625 0.8890625 0.3609375 0.8890625
0 0.5015625 0.878125 0.5015625 0.7128130171875 0.4171875 0.709375 0.41816925937500005 0.878125 0.5015625 0.878125
0 0.60625 0.7765625 0.60625 0.8796455968749999 0.64255003125 0.8783779718750001 0.6437347625000001 0.7765625 0.60625 0.7765625
0 0.3703125 0.8515625 0.3703125 0.761564790625 0.334375 0.7609375 0.335956865625 0.8515625 0.3703125 0.8515625
0 0.5546875 0.8796875 0.5546875 0.783412484375 0.503125 0.7828125 0.5053797906249999 0.8796875 0.5546875 0.8796875
0 0.584375 0.7921875 0.584375 0.8452476984375 0.6315908375 0.8441487375 0.6343140093749999 0.7921875 0.584375 0.7921875
0 0.3828125 0.4453125 0.328125 0.4453125 0.3323831328125 0.5265625 0.3828125 0.523919609375 0.3828125 0.4453125
0 0.4625 0.390625 0.3546875 0.390625 0.35781511250000003 0.525 0.4625 0.5237818812499999 0.4625 0.390625
0 0.4984375 0.4 0.4984375 0.52332458125 0.5497809140625 0.5224283796875 0.5561971140625 0.4 0.4984375 0.4
0 0.6671875 0.421875 0.609375 0.421875 0.6099567828125 0.521875 0.6671875 0.520876034375 0.6671875 0.421875
0 0.6125 0.5234375 0.6125 0.3522732046875 0.534375 0.35 0.5404315703125 0.5234375 0.6125 0.5234375
0 0.696875 0.1796875 0.696875 0.0324317859375 0.5953125 0.03125 0.6022260875 0.1796875 0.696875 0.1796875
0 0.4734375 0.1796875 0.5707000234375 0.1796875 0.5734375 0.0620743375 0.4734375 0.05625 0.4734375 0.1796875
0 0.396875 0.18125 0.4770017125 0.18125 0.4796875 0.088945496875 0.396875 0.0875 0.396875 0.18125
0 0.3875 0.18125 0.3875 0.03221973125 0.31721354218750003 0.0281260109375 0.3234528671875 0.18125 0.3875 0.18125