0 0.58359375 0.83828125 0.07578125 0.140625
0 0.690625 0.16484375 0.06015625 0.10078125
0 0.61015625 0.50078125 0.07421875 0.1125
0 0.5796875 0.14375 0.0859375 0.14375
0 0.434375 0.86328125 0.059375 0.0625
0 0.440625 0.49765625 0.0546875 0.10625
0 0.6703125 0.48359375 0.078125 0.15
0 0.68671875 0.8453125 0.0625 0.14140625
0 0.509375 0.5140625 0.04375 0.0734375
0 0.63515625 0.4578125 0.11953125 0.19453125
0 0.49453125 0.80234375 0.07109375 0.19921875
0 0.6734375 0.8375 0.0421875 0.07109375
0 0.43359375 0.18515625 0.0359375 0.05390625
0 0.49609375 0.19765625 0.0671875 0.034375
0 0.43125 0.81328125 0.03125 0.0796875