0 0.2828125 0.171875 0.3488338265625 0.171875 0.35625 0.0126467765625 0.2828125 0.0109375 0.2828125 0.171875
0 0.525 0.1703125 0.525 0.0286012046875 0.421875 0.025 0.4303384890625 0.1703125 0.525 0.1703125
0 0.45 0.178125 0.45 0.0738462953125 0.3625 0.06875 0.36504573125 0.178125 0.45 0.178125
0 0.58125 0.01875 0.58125 0.159246359375 0.69263015625 0.15730221093750002 0.6998913703125 0.01875 0.58125 0.01875
0 0.309375 0.5109375 0.36421777187500004 0.5109375 0.365625 0.46257420781249997 0.309375 0.4609375 0.309375 0.5109375
0 0.5390625 0.5078125 0.5390625 0.410577934375 0.4796875 0.4078125 0.4820150265625 0.5078125 0.5390625 0.5078125
0 0.325 0.5140625 0.4367654390625 0.5140625 0.4375 0.387802378125 0.325 0.38125 0.325 0.5140625
0 0.4828125 0.342250228125 0.4828125 0.50458460625 0.588661675 0.4990372859375 0.590595875 0.3328125 0.4829223171875 0.3328125 0.4828125 0.342250228125
0 0.6515625 0.39375 0.5828125 0.39375 0.583448825 0.503125 0.6515625 0.5015396375 0.6515625 0.39375
0 0.275 0.8296875 0.275 0.8953125 0.33125 0.8936757921874999 0.33125 0.8296875 0.275 0.8296875
0 0.35780795468750004 0.796441259375 0.3109375 0.7945314359375 0.3109375 0.8836150484375 0.3295880578125 0.884375 0.357296371875 0.884375 0.35780795468750004 0.796441259375
0 0.4796875 0.8921875 0.54926108125 0.8921875 0.55 0.828684921875 0.4796875 0.825 0.4796875 0.8921875
0 0.4328125 0.8890625 0.4328125 0.7039266328125 0.3515625 0.7015625 0.3592025390625 0.8890625 0.4328125 0.8890625
0 0.584375 0.7765625 0.584375 0.88573733125 0.6270803984375 0.884246025 0.632723853125 0.7765625 0.584375 0.7765625