0 0.38828125 0.00625 0.31171875 0.00625 0.31171875 0.1796875 0.38828125 0.1796875 0.38828125 0.00625
0 0.490625 0.05390625 0.403125 0.05390625 0.403125 0.17421875 0.490625 0.17421875 0.490625 0.05390625
0 0.58046875 0.03203125 0.48203125 0.03203125 0.48203125 0.17421875 0.58046875 0.17421875 0.58046875 0.03203125
0 0.72734375 0.03828125 0.60234375 0.03828125 0.60234375 0.17265625 0.72734375 0.17265625 0.72734375 0.03828125
0 0.390625 0.44375 0.33125 0.44375 0.33125 0.5234375 0.390625 0.5234375 0.390625 0.44375
0 0.465625 0.37734375 0.359375 0.37734375 0.359375 0.52265625 0.465625 0.52265625 0.465625 0.37734375
0 0.553125 0.38984375 0.503125 0.38984375 0.503125 0.52578125 0.553125 0.52578125 0.553125 0.38984375
0 0.6765625 0.40625 0.6203125 0.40625 0.6203125 0.521875 0.6765625 0.521875 0.6765625 0.40625
0 0.6203125 0.33359375 0.546875 0.33359375 0.546875 0.52421875 0.6203125 0.52421875 0.6203125 0.33359375
0 0.375 0.81953125 0.3203125 0.81953125 0.3203125 0.88046875 0.375 0.88046875 0.375 0.81953125
0 0.38125 0.76484375 0.3421875 0.76484375 0.3421875 0.84140625 0.38125 0.84140625 0.38125 0.76484375
0 0.653125 0.77734375 0.6109375 0.77734375 0.6109375 0.88046875 0.653125 0.88046875 0.653125 0.77734375
0 0.6421875 0.7875 0.590625 0.7875 0.590625 0.8375 0.6421875 0.8375 0.6421875 0.7875
0 0.4640625 0.71875 0.39375 0.71875 0.39375 0.875 0.4640625 0.875 0.4640625 0.71875
0 0.56875 0.78203125 0.5046875 0.78203125 0.5046875 0.88203125 0.56875 0.88203125 0.56875 0.78203125