0 0.334375 0.834375 0.296875 0.834375 0.29862064374999997 0.909375 0.334375 0.9087509046875001 0.334375 0.834375
0 0.5906573328125 0.90625 0.628125 0.904286403125 0.628125 0.8015625 0.5878340796875 0.8015625 0.5875003390625 0.8015799906250001 0.590545925 0.90625 0.5906573328125 0.90625
0 0.5375 0.8140625 0.486093759375 0.8140625 0.486639171875 0.9078112875000001 0.5375 0.9072194687499999 0.5375 0.8140625
0 0.4421875 0.9 0.4421875 0.705170884375 0.371875 0.703125 0.38219278125 0.9 0.4421875 0.9
0 0.321875 0.78125 0.32706230000000003 0.8703125 0.3609375 0.8703125 0.3609375 0.78125 0.321875 0.78125
0 0.30690146875 0.55 0.3703125 0.5492621468750001 0.3703125 0.4546875 0.3063387078125 0.4546875 0.3046877234375 0.4547067109375 0.3063510734375 0.55 0.30690146875 0.55
0 0.43125 0.55 0.43125 0.41737064375 0.35625 0.415625 0.360942478125 0.55 0.43125 0.55
0 0.484375 0.55 0.544810434375 0.55 0.5515625 0.3566461484375 0.484375 0.353125 0.484375 0.55
0 0.615625 0.4296875 0.546875 0.4296875 0.551841025 0.5515625 0.615625 0.5482197234374999 0.615625 0.4296875
0 0.678125 0.055379790625 0.58125 0.053125 0.58125 0.209375 0.678125 0.209375 0.678125 0.055379790625
0 0.553125 0.2078125 0.553125 0.0140274390625 0.4875 0.0125 0.495458375 0.2078125 0.553125 0.2078125
0 0.4700257453125 0.2015625 0.471875 0.042637918749999996 0.471875 0.0419288 0.387508246875 0.03799935625 0.3875 0.038708090625000004 0.3875 0.2015625 0.4700257453125 0.2015625
0 0.290625 0.034375 0.290625 0.199921471875 0.36825129843750004 0.1990182078125 0.3749599953125 0.034375 0.290625 0.034375