0 0.45 0.00859375 0.375 0.00859375 0.375 0.17578125 0.45 0.17578125 0.45 0.00859375
0 0.5375 0.05 0.4578125 0.05 0.4578125 0.1609375 0.5375 0.1609375 0.5375 0.05
0 0.60859375 0.015625 0.51953125 0.015625 0.51953125 0.159375 0.60859375 0.159375 0.60859375 0.015625
0 0.66171875 0 0.66171875 0.140625 0.78046875 0.140625 0.78046875 0 0.66171875 0
0 0.4640625 0.43203125 0.415625 0.43203125 0.415625 0.50390625 0.4640625 0.50390625 0.4640625 0.43203125
0 0.5171875 0.3671875 0.41875 0.3671875 0.41875 0.5046875 0.5171875 0.5046875 0.5171875 0.3671875
0 0.54609375 0.46328125 0.51328125 0.46328125 0.51328125 0.50390625 0.54609375 0.50390625 0.54609375 0.46328125
0 0.66640625 0.31328125 0.56796875 0.31328125 0.56796875 0.50546875 0.66640625 0.50546875 0.66640625 0.31328125
0 0.74140625 0.38515625 0.66015625 0.38515625 0.66015625 0.50078125 0.74140625 0.50078125 0.74140625 0.38515625
0 0.4296875 0.7734375 0.3796875 0.7734375 0.3796875 0.8390625 0.4296875 0.8390625 0.4296875 0.7734375
0 0.5015625 0.6859375 0.428125 0.6859375 0.428125 0.8390625 0.5015625 0.8390625 0.5015625 0.6859375
0 0.603125 0.7921875 0.5515625 0.7921875 0.5515625 0.8515625 0.603125 0.8515625 0.603125 0.7921875
0 0.70625 0.75625 0.6546875 0.75625 0.6546875 0.8609375 0.70625 0.8609375 0.70625 0.75625
0 0.640625 0.75859375 0.578125 0.75859375 0.578125 0.81484375 0.640625 0.81484375 0.640625 0.75859375