0 0.4546875 0.8609375 0.453125 0.8625 0.4515625 0.8625 0.45 0.8609375 0.4484375 0.8609375 0.440625 0.853125 0.440625 0.8515625 0.4390625 0.85 0.4390625 0.8484375 0.4375 0.846875 0.4375 0.8421875 0.4359375 0.840625 0.4359375 0.8359375 0.434375 0.834375 0.434375 0.83125 0.4328125 0.8296875 0.4328125 0.825 0.43125 0.8234375 0.43125 0.809375 0.4296875 0.8078125 0.4296875 0.79375 0.43125 0.7921875 0.43125 0.7703125 0.4359375 0.765625 0.440625 0.765625 0.4421875 0.7671875 0.4421875 0.76875 0.44375 0.7703125 0.44375 0.778125 0.4453125 0.7796875 0.4453125 0.7828125 0.446875 0.784375 0.446875 0.7859375 0.45 0.7890625 0.4515625 0.7890625 0.453125 0.7875 0.453125 0.7859375 0.4546875 0.784375 0.4546875 0.7765625 0.45625 0.775 0.45625 0.7703125 0.4578125 0.76875 0.4640625 0.76875 0.4671875 0.771875 0.4671875 0.775 0.46875 0.7765625 0.46875 0.778125 0.4703125 0.778125 0.471875 0.7796875 0.4734375 0.7796875 0.4765625 0.7828125 0.4765625 0.7859375 0.478125 0.7875 0.478125 0.790625 0.4796875 0.7921875 0.4796875 0.7078125 0.4046875 0.7078125 0.4046875 0.8890625 0.4796875 0.8890625 0.4796875 0.8578125 0.4640625 0.8578125 0.4625 0.859375 0.459375 0.859375 0.4578125 0.8609375 0.4546875 0.8609375
0 0.496875 0.19003553281250002 0.496875 0.1728480328125 0.4984375 0.1712855328125 0.4984375 0.1540980328125 0.5 0.1525355328125 0.5 0.1494105328125 0.5046875 0.1447230328125 0.509375 0.1447230328125 0.5109375 0.1462855328125 0.5125 0.1462855328125 0.5140625 0.1478480328125 0.515625 0.1478480328125 0.51875 0.1447230328125 0.5203125 0.1447230328125 0.5203125 0.0197230328125 0.4171875 0.0197230328125 0.4171875 0.2119105328125 0.5015625 0.2119105328125 0.5015625 0.21034803281249997 0.503125 0.20878553281249998 0.5015625 0.20878553281249998 0.4953125 0.20253553281249997 0.4953125 0.1915980328125 0.496875 0.19003553281250002
0 0.4 0.5453125 0.4 0.4546875 0.346875 0.4546875 0.346875 0.546875 0.3984375 0.546875 0.4 0.5453125
0 0.3921875 0.7671875 0.353125 0.7671875 0.353125 0.8484375 0.3625 0.8484375 0.365625 0.8515625 0.365625 0.853125 0.3671875 0.8546875 0.3671875 0.8578125 0.3921875 0.8578125 0.3921875 0.7671875
0 0.59375 0.7375 0.59375 0.890625 0.6609375 0.890625 0.6609375 0.7375 0.59375 0.7375
0 0.40625 0.4203125 0.40625 0.5453125 0.4703125 0.5453125 0.4703125 0.4203125 0.40625 0.4203125
0 0.5515625 0.53125 0.55 0.5296875 0.55 0.5265625 0.5484375 0.525 0.5484375 0.5203125 0.553125 0.515625 0.55625 0.515625 0.5578125 0.5140625 0.5578125 0.509375 0.5625 0.5046875 0.5625 0.503125 0.5640625 0.5015625 0.56875 0.5015625 0.571875 0.5046875 0.571875 0.5125 0.5734375 0.5140625 0.5734375 0.5171875 0.575 0.51875 0.575 0.5203125 0.5765625 0.521875 0.5765625 0.54375 0.575 0.5453125 0.6015625 0.5453125 0.5984375 0.5421875 0.5984375 0.540625 0.596875 0.5390625 0.596875 0.5328125 0.5953125 0.53125 0.5953125 0.51875 0.596875 0.5171875 0.596875 0.5140625 0.5984375 0.5125 0.5984375 0.50625 0.6 0.5046875 0.6 0.5 0.6015625 0.4984375 0.6015625 0.4703125 0.603125 0.46875 0.603125 0.4640625 0.6046875 0.4625 0.6046875 0.4546875 0.60625 0.453125 0.60625 0.4484375 0.609375 0.4453125 0.6109375 0.4453125 0.6140625 0.4484375 0.6140625 0.45 0.615625 0.45 0.6171875 0.4484375 0.61875 0.4484375 0.6203125 0.446875 0.621875 0.446875 0.6234375 0.4484375 0.625 0.4484375 0.6265625 0.45 0.628125 0.45 0.63125 0.453125 0.634375 0.453125 0.6359375 0.4546875 0.640625 0.4546875 0.640625 0.3546875 0.51875 0.3546875 0.51875 0.5453125 0.5515625 0.5453125 0.5515625 0.54375 0.55 0.5421875 0.55 0.5390625 0.5515625 0.5375 0.5515625 0.53125
0 0.6530581375 0.16628103593750002 0.6459853437499999 0.1583232265625 0.6068638984375 0.1577337515625 0.5890625 0.20625 0.6578125 0.20625 0.6530581375 0.16628103593750002
0 0.52578125 0.159375 0.06015625 0.0953125
0 0.36015625 0.18046875 0.0421875 0.05234375
0 0.64140625 0.4484375 0.0625 0.18984375
0 0.5375 0.79453125 0.07578125 0.1984375
0 0.334375 0.8015625 0.06875 0.18125
0 0.5375 0.82578125 0.05859375 0.0703125
0 0.44375 0.8125 0.08203125 0.090625