0 0.265625 0.825 0.265625 0.8953125 0.309375 0.893019659375 0.309375 0.825 0.265625 0.825
0 0.5796875 0.7796875 0.5796875 0.8906212453125001 0.6259170843749999 0.8903522890625 0.6265609140625 0.7796875 0.5796875 0.7796875
0 0.3453125 0.8859375 0.40765635468749994 0.8859375 0.4171875 0.7040724296875001 0.3453125 0.7015625 0.3453125 0.8859375
0 0.475 0.890625 0.536662403125 0.890625 0.5375 0.818642203125 0.475 0.8171875 0.475 0.890625
0 0.34375 0.884375 0.34375 0.7955669921874999 0.3048403515625 0.793754746875 0.30853284375 0.884375 0.34375 0.884375
0 0.353125 0.5140625 0.353125 0.46512038906250003 0.303125 0.4625 0.3058272765625 0.5140625 0.353125 0.5140625
0 0.42035809375 0.5125 0.421875 0.3821375046875 0.421875 0.38063395624999996 0.314114971875 0.3781258140625 0.3140625 0.382635234375 0.3140625 0.5125 0.42035809375 0.5125
0 0.53125 0.515625 0.53125 0.407781678125 0.478125 0.4046875 0.47941587500000005 0.515625 0.53125 0.515625
0 0.58125 0.4015625 0.58125 0.5014405187500001 0.6400717218749999 0.5000714281249999 0.64523435625 0.4015625 0.58125 0.4015625
0 0.484375 0.50625 0.5699245390625001 0.50625 0.575 0.3318176859375 0.484375 0.328125 0.484375 0.50625
0 0.265625 0.01875 0.265625 0.184375 0.3502340046875 0.184375 0.353125 0.01875 0.265625 0.01875
0 0.353125 0.171875 0.4439201875 0.171875 0.44687428906250004 0.070349121875 0.353125 0.070349121875 0.353125 0.171875
0 0.696875 0.16875 0.696875 0.029597687499999997 0.5703125 0.028125 0.5735855828124999 0.16875 0.696875 0.16875
0 0.525 0.165625 0.525 0.0403758265625 0.4297470875 0.035939349999999995 0.432765553125 0.165625 0.525 0.165625