0 0.3375 0.83828125 0.2953125 0.83828125 0.2953125 0.90859375 0.3375 0.90859375 0.3375 0.83828125
0 0.628125 0.8 0.5875 0.8 0.5875 0.9140625 0.628125 0.9140625 0.628125 0.8
0 0.5375 0.84453125 0.4875 0.84453125 0.4875 0.90703125 0.5375 0.90703125 0.5375 0.84453125
0 0.5296875 0.80625 0.478125 0.80625 0.478125 0.8640625 0.5296875 0.8640625 0.5296875 0.80625
0 0.4453125 0.70078125 0.3765625 0.70078125 0.3765625 0.90546875 0.4453125 0.90546875 0.4453125 0.70078125
0 0.3609375 0.7859375 0.321875 0.7859375 0.321875 0.8734375 0.3609375 0.8734375 0.3609375 0.7859375
0 0.365625 0.45390625 0.3078125 0.45390625 0.3078125 0.55078125 0.365625 0.55078125 0.365625 0.45390625
0 0.4296875 0.41484375 0.3546875 0.41484375 0.3546875 0.54921875 0.4296875 0.54921875 0.4296875 0.41484375
0 0.55546875 0.35703125 0.48828125 0.35703125 0.48828125 0.55078125 0.55546875 0.55078125 0.55546875 0.35703125
0 0.61875 0.43515625 0.546875 0.43515625 0.546875 0.55546875 0.61875 0.55546875 0.61875 0.43515625
0 0.67890625 0.05625 0.58515625 0.05625 0.58515625 0.2109375 0.67890625 0.2109375 0.67890625 0.05625
0 0.553125 0.00859375 0.484375 0.00859375 0.484375 0.20546875 0.553125 0.20546875 0.553125 0.00859375
0 0.465625 0.04765625 0.3890625 0.04765625 0.3890625 0.20234375 0.465625 0.20234375 0.465625 0.04765625
0 0.375 0.03203125 0.290625 0.03203125 0.290625 0.20078125 0.375 0.20078125 0.375 0.03203125