0 0.4 0.1421875 0.315625 0.1421875 0.31955558281249996 0.2171875 0.4 0.21625144375 0.4 0.1421875
0 0.4 0.2171875 0.4777630734375 0.2171875 0.484375 0.075226784375 0.4 0.0703125 0.4 0.2171875
0 0.5546875 0.21875 0.5546875 0.149785984375 0.4921875 0.146875 0.49260565625 0.21875 0.5546875 0.21875
0 0.596875 0.165625 0.596875 0.2186851984375 0.7128260015625 0.21260846406249997 0.7139195546875 0.165625 0.596875 0.165625
0 0.3265625 0.4328125 0.3265625 0.5609375 0.40408444374999997 0.5609375 0.4078125 0.4328125 0.3265625 0.4328125
0 0.4703125 0.4921875 0.403125 0.4921875 0.4059900140625 0.5625 0.4703125 0.559129 0.4703125 0.4921875
0 0.5140625 0.5640625 0.5785226171875 0.5640625 0.5875 0.37131449375000003 0.5140625 0.36875 0.5140625 0.5640625
0 0.5453125 0.5609375 0.5453125 0.41746930156250006 0.496875 0.4171875 0.50440861875 0.5609375 0.5453125 0.5609375
0 0.6015625 0.5640625 0.665809375 0.5640625 0.6671875 0.4456267609375 0.6015625 0.4421875 0.6015625 0.5640625
0 0.35 0.9140625 0.35 0.8533803499999999 0.31103515625 0.8515655328125 0.313946 0.9140625 0.35 0.9140625
0 0.3734375 0.79375 0.3296875 0.79375 0.33427318125 0.88125 0.3734375 0.8789689390625 0.3734375 0.79375
0 0.496875 0.9203125 0.5555593046875 0.9203125 0.5578125 0.8235060984375 0.496875 0.8203125 0.496875 0.9203125
0 0.6515625 0.921875 0.6515625 0.8131207375 0.6046875 0.8109375 0.6085615234375 0.921875 0.6515625 0.921875
0 0.5828125 0.828125 0.5828125 0.8843711921875 0.6274704718749999 0.8841113796875 0.6281219328125001 0.828125 0.5828125 0.828125
0 0.434375 0.9171875 0.434375 0.72373290625 0.3609375 0.7203125 0.36781252656249996 0.9171875 0.434375 0.9171875