0 0.403125 0.2171875 0.403125 0.147858490625 0.315625 0.1453125 0.3198112421875 0.2171875 0.403125 0.2171875
0 0.490625 0.2171875 0.490625 0.0764930671875 0.403125 0.0734375 0.405634165625 0.2171875 0.490625 0.2171875
0 0.5609375 0.15 0.4828125 0.15 0.484858384375 0.2203125 0.5609375 0.218098825 0.5609375 0.15
0 0.734375 0.2203125 0.734375 0.1704226828125 0.590625 0.16875 0.5930265625 0.2203125 0.734375 0.2203125
0 0.378125 0.4625 0.321875 0.4625 0.3241661578125 0.5609375 0.378125 0.559053215625 0.378125 0.4625
0 0.353125 0.5609375 0.457830315625 0.5609375 0.4640625 0.44202035625 0.353125 0.4375 0.353125 0.5609375
0 0.515625 0.3640625 0.515625 0.56698110625 0.572214665625 0.5650049515625 0.57806149375 0.3640625 0.515625 0.3640625
0 0.5453125 0.5609375 0.5453125 0.418878975 0.496875 0.4171875 0.5027323640625 0.5609375 0.5453125 0.5609375
0 0.665625 0.5625 0.665625 0.44796594218749997 0.603125 0.446875 0.6058162015625 0.5625 0.665625 0.5625
0 0.346875 0.8484375 0.3078125 0.8484375 0.3095217765625 0.921875 0.346875 0.921222996875 0.346875 0.8484375
0 0.646875 0.9234375 0.646875 0.8202777843750001 0.603125 0.81875 0.6080008984374999 0.9234375 0.646875 0.9234375
0 0.584375 0.834375 0.584375 0.884375 0.624418196875 0.884375 0.625 0.834375 0.584375 0.834375
0 0.553125 0.9234375 0.553125 0.8196227531250001 0.503125 0.81875 0.50678076875 0.9234375 0.553125 0.9234375
0 0.3609375 0.7265625 0.3609375 0.9201944015624999 0.44505558125 0.9172569328125 0.448384165625 0.7265625 0.3609375 0.7265625
0 0.328125 0.79375 0.328125 0.8842890515624999 0.3681823140625 0.8833567078125 0.3718335078125 0.79375 0.328125 0.79375