0 0.35625 0.171875 0.35625 0.015214746874999999 0.2828125 0.0109375 0.2893702 0.171875 0.35625 0.171875
0 0.421875 0.1703125 0.521631778125 0.1703125 0.525 0.0255999640625 0.421875 0.025 0.421875 0.1703125
0 0.3625 0.069933359375 0.368088196875 0.1765625 0.45 0.1765625 0.45 0.074519040625 0.44996026093749997 0.07376077343750001 0.3625 0.06917717500000001 0.3625 0.069933359375
0 0.5828493828125 0.15935681562499998 0.7 0.1566301046875 0.7 0.150289634375 0.699234725 0.01875 0.58203135625 0.01875 0.5828493828125 0.15935681562499998
0 0.365625 0.5109375 0.365625 0.461592028125 0.309375 0.4609375 0.3111210390625 0.5109375 0.365625 0.5109375
0 0.4796875 0.5078125 0.537939134375 0.5078125 0.5390625 0.41127070000000004 0.4796875 0.4078125 0.4796875 0.5078125
0 0.4375 0.5140625 0.4375 0.38255905625 0.325 0.38125 0.3304116953125 0.5140625 0.4375 0.5140625
0 0.590625 0.3328125 0.48125 0.3328125 0.485250434375 0.5046875 0.590625 0.5003938156250001 0.590625 0.3328125
0 0.58363699375 0.503125 0.6515625 0.499168790625 0.6515625 0.3953125 0.5834044125 0.3953125 0.582812634375 0.3953469671875 0.5834396671875 0.503125 0.58363699375 0.503125
0 0.33125 0.8953125 0.33125 0.830014753125 0.275 0.8296875 0.2780565328125 0.8953125 0.33125 0.8953125
0 0.3109375 0.794181584375 0.3109375 0.7949358296875 0.31349445 0.8828125 0.34263120625 0.8828125 0.3578125 0.882193909375 0.3578125 0.79375 0.321529346875 0.79375 0.3109375 0.794181584375
0 0.4796875 0.8921875 0.546629 0.8921875 0.55 0.8278650140625 0.4796875 0.825 0.4796875 0.8921875
0 0.3515625 0.8890625 0.425288071875 0.8890625 0.4328125 0.7043998124999999 0.3515625 0.7015625 0.3515625 0.8890625
0 0.584375 0.8859375 0.6284247328125 0.8859375 0.6328125 0.7782539749999999 0.584375 0.7765625 0.584375 0.8859375