0 0.37578125 0.03203125 0.32578125 0.03203125 0.32578125 0.19921875 0.37578125 0.19921875 0.37578125 0.03203125
0 0.4625 0.05078125 0.3953125 0.05078125 0.3953125 0.19921875 0.4625 0.19921875 0.4625 0.05078125
0 0.54296875 0.01484375 0.48515625 0.01484375 0.48515625 0.20703125 0.54296875 0.20703125 0.54296875 0.01484375
0 0.678125 0.02734375 0.578125 0.02734375 0.578125 0.21171875 0.678125 0.21171875 0.678125 0.02734375
0 0.371875 0.45859375 0.309375 0.45859375 0.309375 0.54921875 0.371875 0.54921875 0.371875 0.45859375
0 0.434375 0.41953125 0.359375 0.41953125 0.359375 0.55078125 0.434375 0.55078125 0.434375 0.41953125
0 0.5546875 0.35390625 0.4859375 0.35390625 0.4859375 0.55078125 0.5546875 0.55078125 0.5546875 0.35390625
0 0.615625 0.42734375 0.5515625 0.42734375 0.5515625 0.55078125 0.615625 0.55078125 0.615625 0.42734375
0 0.3375 0.83828125 0.2921875 0.83828125 0.2921875 0.90859375 0.3375 0.90859375 0.3375 0.83828125
0 0.359375 0.78125 0.321875 0.78125 0.321875 0.871875 0.359375 0.871875 0.359375 0.78125
0 0.4375 0.69453125 0.384375 0.69453125 0.384375 0.90546875 0.4375 0.90546875 0.4375 0.69453125
0 0.53828125 0.84453125 0.48984375 0.84453125 0.48984375 0.90703125 0.53828125 0.90703125 0.53828125 0.84453125
0 0.63125 0.80234375 0.584375 0.80234375 0.584375 0.90859375 0.63125 0.90859375 0.63125 0.80234375
0 0.5359375 0.8109375 0.48125 0.8109375 0.48125 0.86875 0.5359375 0.86875 0.5359375 0.8109375