0 0.2703125 0.2046875 0.2703125 0.0030625453125 0.184375 0.0015625 0.1867385734375 0.2046875 0.2703125 0.2046875
0 0.38125 0.0681423265625 0.284375 0.0625 0.284375 0.20625 0.38125 0.20625 0.38125 0.0681423265625
0 0.4734375 0.051986624999999995 0.363688846875 0.046875 0.362942184375 0.046875 0.36555983593749997 0.19684019531250002 0.36630710624999996 0.196875 0.4734375 0.196875 0.4734375 0.051986624999999995
0 0.5078125 0.06875 0.5078125 0.2109326875 0.6460477765625 0.2101284578125 0.6468702937499999 0.06875 0.5078125 0.06875
0 0.221875 0.434375 0.221875 0.5186499640625 0.2793744828125 0.5169769 0.2827402515625 0.434375 0.221875 0.434375
0 0.253125 0.3890625 0.253125 0.5640091421875 0.33457863906249996 0.563535259375 0.34372236875 0.3890625 0.253125 0.3890625
0 0.44375 0.36875 0.396875 0.36875 0.39854768281249997 0.5125 0.44375 0.5119740234375 0.44375 0.36875
0 0.4015625 0.5609375 0.49868420156250004 0.5609375 0.503125 0.3701426671875 0.4015625 0.3671875 0.4015625 0.5609375
0 0.3171875 0.4734375 0.3171875 0.5186255453124999 0.35543777187500003 0.516620934375 0.3577009203125 0.4734375 0.3171875 0.4734375
0 0.49854354375 0.42854444375 0.4984375 0.43036514375 0.4984375 0.5546875 0.55205165625 0.5546875 0.559375 0.42895056875000004 0.559375 0.428125 0.5345904421875 0.428125 0.49854354375 0.42854444375
0 0.2625 0.8046875 0.2203125 0.8046875 0.2225496125 0.86875 0.2625 0.8675875625 0.2625 0.8046875
0 0.28125 0.8 0.28125 0.7234660390625 0.242234375 0.7218762734374999 0.242234375 0.8 0.28125 0.8
0 0.284375 0.7609375 0.284375 0.8685855953124999 0.3468629765625 0.8653107390624999 0.34989992812500004 0.7609375 0.284375 0.7609375
0 0.3953125 0.8703125 0.4418563578125 0.8703125 0.4421875 0.8133941140625 0.3953125 0.8109375 0.3953125 0.8703125
0 0.5265625 0.871875 0.5265625 0.767371590625 0.4890625 0.765625 0.4952508578125 0.871875 0.5265625 0.871875
0 0.4515625 0.7359375 0.403125 0.7359375 0.405252984375 0.796875 0.4515625 0.7952578359375 0.4515625 0.7359375