0 0.4359375 0.0046875 0.359375 0.0046875 0.359375 0.16875 0.4359375 0.16875 0.4359375 0.0046875
0 0.5265625 0.05234375 0.44375 0.05234375 0.44375 0.16640625 0.5265625 0.16640625 0.5265625 0.05234375
0 0.765625 0.003125 0.6453125 0.003125 0.6453125 0.140625 0.765625 0.140625 0.765625 0.003125
0 0.61015625 0.02109375 0.50390625 0.02109375 0.50390625 0.16015625 0.61015625 0.16015625 0.61015625 0.02109375
0 0.45703125 0.42734375 0.40234375 0.42734375 0.40234375 0.50546875 0.45703125 0.50546875 0.45703125 0.42734375
0 0.5 0.36015625 0.40625 0.36015625 0.40625 0.50703125 0.5 0.50703125 0.5 0.36015625
0 0.53671875 0.47109375 0.50078125 0.47109375 0.50078125 0.50078125 0.53671875 0.50078125 0.53671875 0.47109375
0 0.65078125 0.32109375 0.55546875 0.32109375 0.55546875 0.50546875 0.65078125 0.50546875 0.65078125 0.32109375
0 0.72578125 0.38359375 0.64140625 0.38359375 0.64140625 0.50078125 0.72578125 0.50078125 0.72578125 0.38359375
0 0.415625 0.77734375 0.3640625 0.77734375 0.3640625 0.83515625 0.415625 0.83515625 0.415625 0.77734375
0 0.48828125 0.6984375 0.41640625 0.6984375 0.41640625 0.840625 0.48828125 0.840625 0.48828125 0.6984375
0 0.584375 0.79375 0.540625 0.79375 0.540625 0.85 0.584375 0.85 0.584375 0.79375
0 0.6765625 0.75390625 0.6453125 0.75390625 0.6453125 0.86015625 0.6765625 0.86015625 0.6765625 0.75390625
0 0.6203125 0.7609375 0.565625 0.7609375 0.565625 0.81875 0.6203125 0.81875 0.6203125 0.7609375