0 0.4015625 0.14453125 0.315625 0.14453125 0.315625 0.21171875 0.4015625 0.21171875 0.4015625 0.14453125
0 0.4890625 0.08125 0.4078125 0.08125 0.4078125 0.2140625 0.4890625 0.2140625 0.4890625 0.08125
0 0.56640625 0.14375 0.48515625 0.14375 0.48515625 0.2171875 0.56640625 0.2171875 0.56640625 0.14375
0 0.73125 0.1734375 0.59375 0.1734375 0.59375 0.2171875 0.73125 0.2171875 0.73125 0.1734375
0 0.38125 0.4609375 0.321875 0.4609375 0.321875 0.5625 0.38125 0.5625 0.38125 0.4609375
0 0.45625 0.43125 0.3453125 0.43125 0.3453125 0.5609375 0.45625 0.5609375 0.45625 0.43125
0 0.590625 0.37109375 0.521875 0.37109375 0.521875 0.56953125 0.590625 0.56953125 0.590625 0.37109375
0 0.55625 0.41875 0.496875 0.41875 0.496875 0.5640625 0.55625 0.5640625 0.55625 0.41875
0 0.66953125 0.44609375 0.60078125 0.44609375 0.60078125 0.56328125 0.66953125 0.56328125 0.66953125 0.44609375
0 0.346875 0.85234375 0.3046875 0.85234375 0.3046875 0.91796875 0.346875 0.91796875 0.346875 0.85234375
0 0.37578125 0.79609375 0.32421875 0.79609375 0.32421875 0.88671875 0.37578125 0.88671875 0.37578125 0.79609375
0 0.64453125 0.81484375 0.60234375 0.81484375 0.60234375 0.92421875 0.64453125 0.92421875 0.64453125 0.81484375
0 0.559375 0.82109375 0.5015625 0.82109375 0.5015625 0.92578125 0.559375 0.92578125 0.559375 0.82109375
0 0.4484375 0.72734375 0.3625 0.72734375 0.3625 0.91640625 0.4484375 0.91640625 0.4484375 0.72734375
0 0.6328125 0.83359375 0.5828125 0.83359375 0.5828125 0.88359375 0.6328125 0.88359375 0.6328125 0.83359375