0 0.4 0.14609375 0.315625 0.14609375 0.315625 0.21953125 0.4 0.21953125 0.4 0.14609375
0 0.48203125 0.08125 0.39609375 0.08125 0.39609375 0.2140625 0.48203125 0.2140625 0.48203125 0.08125
0 0.565625 0.1421875 0.4875 0.1421875 0.4875 0.21875 0.565625 0.21875 0.565625 0.1421875
0 0.7234375 0.1734375 0.590625 0.1734375 0.590625 0.2203125 0.7234375 0.2203125 0.7234375 0.1734375
0 0.38046875 0.4359375 0.32578125 0.4359375 0.32578125 0.5625 0.38046875 0.5625 0.38046875 0.4359375
0 0.459375 0.43828125 0.3796875 0.43828125 0.3796875 0.55546875 0.459375 0.55546875 0.459375 0.43828125
0 0.5890625 0.375 0.521875 0.375 0.521875 0.5625 0.5890625 0.5625 0.5890625 0.375
0 0.5421875 0.41875 0.496875 0.41875 0.496875 0.5609375 0.5421875 0.5609375 0.5421875 0.41875
0 0.6671875 0.4484375 0.6140625 0.4484375 0.6140625 0.5640625 0.6671875 0.5640625 0.6671875 0.4484375
0 0.3515625 0.84609375 0.3046875 0.84609375 0.3046875 0.91484375 0.3515625 0.91484375 0.3515625 0.84609375
0 0.37578125 0.79375 0.33046875 0.79375 0.33046875 0.8765625 0.37578125 0.8765625 0.37578125 0.79375
0 0.4484375 0.725 0.365625 0.725 0.365625 0.9171875 0.4484375 0.9171875 0.4484375 0.725
0 0.55703125 0.81875 0.50234375 0.81875 0.50234375 0.91875 0.55703125 0.91875 0.55703125 0.81875
0 0.65390625 0.8125 0.60703125 0.8125 0.60703125 0.921875 0.65390625 0.921875 0.65390625 0.8125
0 0.628125 0.82734375 0.58125 0.82734375 0.58125 0.88515625 0.628125 0.88515625 0.628125 0.82734375