0 0.3984375 0.04375 0.3078125 0.04375 0.3093942765625 0.1796875 0.3984375 0.17709660625 0.3984375 0.04375
0 0.4875 0.18125 0.4875 0.10754690625 0.403125 0.103125 0.4076752625 0.18125 0.4875 0.18125
0 0.4875 0.18125 0.5723610609375 0.18125 0.575 0.09055556718749999 0.4875 0.0875 0.4875 0.18125
0 0.6109375 0.0421875 0.6109375 0.1825456203125 0.7012627859375 0.178865146875 0.7076286484375001 0.0421875 0.6109375 0.0421875
0 0.334375 0.446875 0.334375 0.5280148890625 0.3790282203125 0.5267156125 0.38274685625 0.446875 0.334375 0.446875
0 0.3625 0.5296754390625 0.36291450625 0.5296875 0.4671875 0.5296875 0.4671875 0.39832378749999997 0.3636962765625 0.3953125 0.36296374375 0.3953125 0.3625 0.47502324375000005 0.3625 0.5296754390625
0 0.5152693015625001 0.528125 0.55 0.5275187734375 0.55 0.4078125 0.5102474421875 0.4078125 0.509375471875 0.40782772031250003 0.5149784093750001 0.528125 0.5152693015625001 0.528125
0 0.6140625 0.4390625 0.6140625 0.5296384046875 0.6760156796875 0.528196428125 0.6780902953125 0.4390625 0.6140625 0.4390625
0 0.61875 0.3546875 0.51875 0.3546875 0.5271190796874999 0.534375 0.61875 0.5327755765625 0.61875 0.3546875
0 0.365625 0.884375 0.365625 0.8243316140625 0.31875 0.821875 0.321660984375 0.884375 0.365625 0.884375
0 0.378125 0.76875 0.334375 0.76875 0.33576595 0.8484375 0.378125 0.8481910625 0.378125 0.76875
0 0.509375 0.8859375 0.509375 0.7197048265625 0.4125 0.7140625 0.41650043437499995 0.8859375 0.509375 0.8859375
0 0.555249484375 0.8890625 0.55625 0.8317430765625 0.55625 0.8302508187500001 0.507890625 0.8296881062500001 0.5078125 0.83416388125 0.5078125 0.8890625 0.555249484375 0.8890625
0 0.646875 0.8890625 0.646875 0.7944312703125 0.60791015625 0.7937511359375 0.60901920625 0.8890625 0.646875 0.8890625
0 0.5 0.7890625 0.5 0.8452553453125 0.5577382921875 0.8432390796875 0.5593146703125 0.7890625 0.5 0.7890625
0 0.5875 0.85 0.631667640625 0.85 0.6328125 0.800812228125 0.5875 0.7984375 0.5875 0.85