0 0.3984375 0.046875 0.328125 0.046875 0.3304159765625 0.178125 0.3984375 0.1777292625 0.3984375 0.046875
0 0.409375 0.178125 0.4917903265625 0.178125 0.4921875 0.1098567890625 0.409375 0.109375 0.409375 0.178125
0 0.5875 0.0875 0.490625 0.0875 0.49175224218749997 0.184375 0.5875 0.1799154765625 0.5875 0.0875
0 0.7015625 0.1828125 0.7015625 0.0430735203125 0.603125 0.0390625 0.60647081875 0.1828125 0.7015625 0.1828125
0 0.60625 0.53125 0.6728197390624999 0.53125 0.675 0.43757708281249996 0.60625 0.434375 0.60625 0.53125
0 0.5640625 0.5390625 0.5640625 0.4056966203125 0.50625 0.4046875 0.510942478125 0.5390625 0.5640625 0.5390625
0 0.3328125 0.4453125 0.3328125 0.526521234375 0.38451927656249996 0.5250167203125 0.38591051875 0.4453125 0.3328125 0.4453125
0 0.534375 0.353125 0.534375 0.5312077734375 0.6114636984375 0.52806665 0.6124814796875 0.353125 0.534375 0.353125
0 0.3625 0.534375 0.4695325875 0.534375 0.4703125 0.4003193734375 0.3625 0.3984375 0.3625 0.534375
0 0.365625 0.81875 0.3125 0.81875 0.3160211484375 0.8859375 0.365625 0.8839162984375 0.365625 0.81875
0 0.378125 0.76875 0.334375 0.76875 0.3365572765625 0.84375 0.378125 0.8427825015625 0.378125 0.76875
0 0.5546875 0.79375 0.5078125 0.79375 0.5089579234375 0.8921875 0.5546875 0.8916553875 0.5546875 0.79375
0 0.4296875 0.7140625 0.43787621562499995 0.8703125 0.503125 0.8703125 0.503125 0.7140625 0.4296875 0.7140625
0 0.6140625 0.7921875 0.6140625 0.887386996875 0.6503516890625 0.8859083249999999 0.6530786875000001 0.7921875 0.6140625 0.7921875
0 0.584375 0.803125 0.584375 0.8499618921875 0.6353167625 0.8490727 0.6374568109375 0.803125 0.584375 0.803125