0 0.3203125 0.88125 0.36363225 0.88125 0.365625 0.8127636203125 0.3203125 0.8125 0.3203125 0.88125
0 0.5078125 0.775 0.5078125 0.8765074578125001 0.56245715 0.875871609375 0.567155321875 0.775 0.5078125 0.775
0 0.3390625 0.7609375 0.3390625 0.84372475 0.3823307109375 0.8414571593750001 0.3827991609375 0.7609375 0.3390625 0.7609375
0 0.6171875 0.8796875 0.647187390625 0.8796875 0.6515625 0.772314615625 0.6171875 0.7703125 0.6171875 0.8796875
0 0.3953125 0.71875 0.3953125 0.8718646343750001 0.4607182296875 0.8714841140624999 0.46249545156250005 0.71875 0.3953125 0.71875
0 0.640625 0.784375 0.590625 0.784375 0.5923710390625 0.834375 0.640625 0.8338135140625 0.640625 0.784375
0 0.390625 0.44375 0.3265625 0.44375 0.329290684375 0.521875 0.390625 0.5186606046875 0.390625 0.44375
0 0.4703125 0.5234375 0.4703125 0.3797904515625 0.359375 0.3765625 0.36792949531249997 0.5234375 0.4703125 0.5234375
0 0.5609375 0.5203125 0.5609375 0.38567855 0.50625 0.3828125 0.5118526953125 0.5203125 0.5609375 0.5203125
0 0.678125 0.525 0.678125 0.4073954890625 0.6125 0.40625 0.6131908671875 0.525 0.678125 0.525
0 0.534375 0.3375 0.534375 0.52321705 0.614298628125 0.520891509375 0.621771259375 0.3375 0.534375 0.3375
0 0.728125 0.040625 0.5984375 0.040625 0.603785528125 0.171875 0.728125 0.1689809671875 0.728125 0.040625
0 0.571875 0.028125 0.459375 0.028125 0.46355769843749994 0.171875 0.571875 0.16809247656249998 0.571875 0.028125
0 0.3921875 0.0637207125 0.3921875 0.1734375 0.417625340625 0.1734375 0.47985464375 0.17090185 0.48427168125 0.0625 0.4053969609375 0.0625 0.3922153546875 0.063037109375 0.3921875 0.0637207125
0 0.3203125 0 0.3203125 0.1749466421875 0.3830161390625 0.17458184375000002 0.3921655859375 0 0.3203125 0