0 0.315625 0.2171875 0.3983572765625 0.2171875 0.4 0.14660940625000002 0.315625 0.1421875 0.315625 0.2171875
0 0.484375 0.2171875 0.484375 0.07276756250000001 0.4 0.0703125 0.40512898750000004 0.2171875 0.484375 0.2171875
0 0.4921875 0.146875 0.4921875 0.218725665625 0.5525961515625 0.218022746875 0.5546663390625 0.146875 0.4921875 0.146875
0 0.7140625 0.165625 0.596875 0.165625 0.5999691781250001 0.21875 0.7140625 0.21675849375 0.7140625 0.165625
0 0.4078125 0.5609375 0.4078125 0.4356498125 0.3265625 0.4328125 0.3287989296875 0.5609375 0.4078125 0.5609375
0 0.403125 0.4921875 0.403125 0.562471434375 0.4686759578125 0.5613272375 0.470285203125 0.4921875 0.403125 0.4921875
0 0.5875 0.5640625 0.5875 0.3704592765625 0.5140625 0.36875 0.522020875 0.5640625 0.5875 0.5640625
0 0.5453125 0.5609375 0.5453125 0.4185968875 0.496875 0.4171875 0.5027323640625 0.5609375 0.5453125 0.5609375
0 0.6671875 0.5640625 0.6671875 0.44486151406249996 0.6015625 0.4421875 0.60723891875 0.5640625 0.6671875 0.5640625
0 0.3109375 0.9140625 0.3478809859375 0.9140625 0.35 0.8533818656250001 0.3109375 0.8515625 0.3109375 0.9140625
0 0.3296875 0.79375 0.3296875 0.8812144515625 0.37191018124999997 0.8802317078125 0.373419725 0.79375 0.3296875 0.79375
0 0.5578125 0.8203125 0.496875 0.8203125 0.5003670765625 0.9203125 0.5578125 0.9193097859374999 0.5578125 0.8203125
0 0.6046875 0.921875 0.6502874953125 0.921875 0.6515625 0.8123014234375001 0.6046875 0.8109375 0.6046875 0.921875
0 0.628125 0.884375 0.628125 0.828652259375 0.5828125 0.828125 0.5857604375000001 0.884375 0.628125 0.884375
0 0.434375 0.9171875 0.434375 0.7224493125 0.3609375 0.7203125 0.37125528124999996 0.9171875 0.434375 0.9171875