0 0.3984375 0.05 0.33125 0.05 0.33125 0.184375 0.3984375 0.184375 0.3984375 0.05
0 0.4890625 0.1125 0.403125 0.1125 0.403125 0.18125 0.4890625 0.18125 0.4890625 0.1125
0 0.578125 0.0875 0.4890625 0.0875 0.4890625 0.1828125 0.578125 0.1828125 0.578125 0.0875
0 0.70625 0.0390625 0.603125 0.0390625 0.603125 0.1875 0.70625 0.1875 0.70625 0.0390625
0 0.3890625 0.44453125 0.321875 0.44453125 0.321875 0.52890625 0.3890625 0.52890625 0.3890625 0.44453125
0 0.4671875 0.39453125 0.3625 0.39453125 0.3625 0.53203125 0.4671875 0.53203125 0.4671875 0.39453125
0 0.559375 0.40390625 0.5109375 0.40390625 0.5109375 0.53203125 0.559375 0.53203125 0.559375 0.40390625
0 0.6765625 0.43984375 0.615625 0.43984375 0.615625 0.53359375 0.6765625 0.53359375 0.6765625 0.43984375
0 0.62265625 0.35390625 0.52421875 0.35390625 0.52421875 0.53203125 0.62265625 0.53203125 0.62265625 0.35390625
0 0.36875 0.82734375 0.315625 0.82734375 0.315625 0.88515625 0.36875 0.88515625 0.36875 0.82734375
0 0.38125 0.76875 0.3359375 0.76875 0.3359375 0.8515625 0.38125 0.8515625 0.38125 0.76875
0 0.50859375 0.721875 0.41640625 0.721875 0.41640625 0.875 0.50859375 0.875 0.50859375 0.721875
0 0.55859375 0.7984375 0.50390625 0.7984375 0.50390625 0.8890625 0.55859375 0.8890625 0.55859375 0.7984375
0 0.653125 0.80234375 0.609375 0.80234375 0.609375 0.88984375 0.653125 0.88984375 0.653125 0.80234375
0 0.63203125 0.79453125 0.58828125 0.79453125 0.58828125 0.85390625 0.63203125 0.85390625 0.63203125 0.79453125