0 0.3984375 0.04609375 0.328125 0.04609375 0.328125 0.17890625 0.3984375 0.17890625 0.3984375 0.04609375
0 0.4921875 0.11015625 0.409375 0.11015625 0.409375 0.17890625 0.4921875 0.17890625 0.4921875 0.11015625
0 0.58671875 0.08828125 0.49140625 0.08828125 0.49140625 0.18359375 0.58671875 0.18359375 0.58671875 0.08828125
0 0.7015625 0.03984375 0.603125 0.03984375 0.603125 0.18359375 0.7015625 0.18359375 0.7015625 0.03984375
0 0.67421875 0.43359375 0.60703125 0.43359375 0.60703125 0.53203125 0.67421875 0.53203125 0.67421875 0.43359375
0 0.5640625 0.4046875 0.50625 0.4046875 0.50625 0.5390625 0.5640625 0.5390625 0.5640625 0.4046875
0 0.38671875 0.44609375 0.33359375 0.44609375 0.33359375 0.52734375 0.38671875 0.52734375 0.38671875 0.44609375
0 0.6125 0.35390625 0.534375 0.35390625 0.534375 0.53046875 0.6125 0.53046875 0.6125 0.35390625
0 0.4703125 0.3984375 0.3625 0.3984375 0.3625 0.534375 0.4703125 0.534375 0.4703125 0.3984375
0 0.365625 0.81875 0.3125 0.81875 0.3125 0.8859375 0.365625 0.8859375 0.365625 0.81875
0 0.378125 0.76875 0.334375 0.76875 0.334375 0.84375 0.378125 0.84375 0.378125 0.76875
0 0.55546875 0.79375 0.50859375 0.79375 0.50859375 0.8921875 0.55546875 0.8921875 0.55546875 0.79375
0 0.503125 0.71484375 0.4296875 0.71484375 0.4296875 0.87109375 0.503125 0.87109375 0.503125 0.71484375
0 0.653125 0.7921875 0.6140625 0.7921875 0.6140625 0.8875 0.653125 0.8875 0.653125 0.7921875
0 0.63828125 0.80234375 0.58515625 0.80234375 0.58515625 0.85078125 0.63828125 0.85078125 0.63828125 0.80234375