0 0.26875 0.8375 0.26875 0.9015191140625 0.315323471875 0.9004351046875 0.317154696875 0.8375 0.26875 0.8375
0 0.62250410625 0.90234555625 0.624995328125 0.7953125 0.581675053125 0.7953125 0.5797273734374999 0.7953464968749999 0.5796875 0.7970596234375 0.5796875 0.9030929234375 0.62250410625 0.90234555625
0 0.309375 0.8046875 0.309375 0.8937469859375 0.34323185 0.8935500125000001 0.3437488359375 0.8046875 0.309375 0.8046875
0 0.478125 0.8421875 0.478125 0.899882415625 0.5372578046875 0.8978174515624999 0.54049788125 0.8421875 0.478125 0.8421875
0 0.425 0.9015625 0.425 0.721751003125 0.3390625 0.71875 0.348643296875 0.9015625 0.425 0.9015625
0 0.3078125 0.5265625 0.3599718390625 0.5265625 0.3609375 0.47123980000000004 0.3078125 0.4703125 0.3078125 0.5265625
0 0.4375 0.390625 0.3360336546875 0.390625 0.34003439687500003 0.52812164375 0.4375 0.5230136875 0.4375 0.390625
0 0.5359375 0.4125 0.478125 0.4125 0.48000687343750004 0.5203125 0.5359375 0.519336228125 0.5359375 0.4125
0 0.5859375 0.51875 0.6448616921875 0.51875 0.6484375 0.416352253125 0.5859375 0.415625 0.5859375 0.51875
0 0.50625 0.34375 0.50625 0.5234375 0.583834128125 0.5234375 0.5890625 0.34375 0.50625 0.34375
0 0.703125 0.171875 0.703125 0.0448787015625 0.5875 0.0421875 0.5950534375000001 0.171875 0.703125 0.171875
0 0.445339053125 0.034792173437500004 0.4453125 0.039356265625 0.4453125 0.1734375 0.5273273953125 0.1734375 0.528125 0.036340865625 0.528125 0.034375 0.5170450984375 0.034375 0.445339053125 0.034792173437500004
0 0.3796602078125 0.1796875 0.4546875 0.1792510046875 0.4546875 0.08125 0.37622269375 0.08125 0.3755434765625 0.08125395156250001 0.37898085312499996 0.1796875 0.3796602078125 0.1796875
0 0.2921875 0.0234375 0.2921875 0.18117517656249998 0.3731636859375 0.17787564843749998 0.3749607359375 0.0234375 0.2921875 0.0234375