0 0.275 0.815625 0.228125 0.815625 0.2292704890625 0.88125 0.275 0.87991940625 0.275 0.815625
0 0.5421875 0.790625 0.5015625 0.790625 0.5020533796875 0.875 0.5421875 0.8735984859375 0.5421875 0.790625
0 0.410358878125 0.8828125 0.4546875 0.8822966890625 0.4546875 0.8203125 0.40744789531250003 0.8203125 0.40671875 0.8203209843750001 0.4096293375 0.8828125 0.410358878125 0.8828125
0 0.2953125 0.7703125 0.2953125 0.8827972656249999 0.36028299375 0.8812850609374999 0.3609286140625 0.7703125 0.2953125 0.7703125
0 0.29375 0.809375 0.29375 0.729434528125 0.25625 0.728125 0.2590873125 0.809375 0.29375 0.809375
0 0.471875 0.803125 0.471875 0.7482920921875 0.41562536874999995 0.7453441734374999 0.4166339359375 0.803125 0.471875 0.803125
0 0.240625 0.4359375 0.240625 0.5170553499999999 0.2909126875 0.5147131640625 0.29366359375 0.4359375 0.240625 0.4359375
0 0.2625 0.384375 0.2625 0.55625 0.3590614484375 0.55625 0.3640625 0.384375 0.2625 0.384375
0 0.38125 0.509375 0.38125 0.4687332796875 0.328125 0.4671875 0.3283704390625 0.509375 0.38125 0.509375
0 0.4125 0.3734375 0.4125 0.5624231890625 0.517474521875 0.5605908515625 0.5218305640625001 0.3734375 0.4125 0.3734375
0 0.578125 0.421875 0.503125 0.421875 0.5061071421875 0.55 0.578125 0.5495810125 0.578125 0.421875
0 0.4578125 0.5046875 0.4578125 0.37965667812500004 0.4046875 0.3765625 0.40692392968749996 0.5046875 0.4578125 0.5046875
0 0.6385498015625 0.203125 0.640625 0.0842369828125 0.640625 0.0830264984375 0.52037584375 0.0781267203125 0.5203125 0.08175568125 0.5203125 0.203125 0.6385498015625 0.203125
0 0.3625 0.053540143750000005 0.3625 0.054305171875 0.36935861875 0.2015625 0.470838515625 0.2015625 0.478125 0.2014777140625 0.478125 0.053125 0.3981773375 0.053125 0.3625 0.053540143750000005
0 0.38125 0.06875 0.29375 0.06875 0.2945590421875 0.2078125 0.38125 0.2027633265625 0.38125 0.06875
0 0.284375 0.2046875 0.284375 0.0043664765625 0.190625 0 0.1918158375 0.2046875 0.284375 0.2046875