0 0.328125 0.1796875 0.3954027515625 0.1796875 0.396875 0.053162673437499995 0.328125 0.0515625 0.328125 0.1796875
0 0.58125 0.1875 0.58125 0.0932965609375 0.4859375 0.0921875 0.4870465609375 0.1875 0.58125 0.1875
0 0.4046875 0.109375 0.408454309375 0.18125 0.4828125 0.18125 0.4828125 0.109375 0.4046875 0.109375
0 0.603533115625 0.0359554125 0.603125 0.0593363421875 0.603125 0.182780240625 0.7064264921875 0.18037587187499998 0.7078125 0.1009715328125 0.7078125 0.0359375 0.604302709375 0.0359375 0.603533115625 0.0359554125
0 0.396875 0.4453125 0.3328125 0.4453125 0.3351766328125 0.5265625 0.396875 0.525844575 0.396875 0.4453125
0 0.365625 0.5328125 0.47102695937499994 0.5328125 0.4734375 0.3947127140625 0.365625 0.3890625 0.365625 0.5328125
0 0.5625 0.40625 0.509375 0.40625 0.510120409375 0.534375 0.5625 0.5313242375 0.5625 0.40625
0 0.6796875 0.5359375 0.6796875 0.43164088593749994 0.6125 0.43125 0.6155460953125 0.5359375 0.6796875 0.5359375
0 0.540625 0.359375 0.540625 0.53120925625 0.6146250609374999 0.528193984375 0.6156072203125 0.359375 0.540625 0.359375
0 0.3703125 0.8211056781250001 0.3125 0.81875 0.3125 0.884375 0.3703125 0.884375 0.3703125 0.8211056781250001
0 0.3828125 0.85 0.3828125 0.7628472296875 0.328125 0.7609375 0.332273153125 0.85 0.3828125 0.85
0 0.5046875 0.71875 0.415625 0.71875 0.4203532671875 0.88125 0.5046875 0.8787961234375 0.5046875 0.71875
0 0.5046875 0.79375 0.5046875 0.890625 0.5515625 0.888714990625 0.5515625 0.79375 0.5046875 0.79375
0 0.6515625 0.81699731875 0.6515625 0.7875 0.6098557703124999 0.7875 0.609375 0.7992989500000001 0.609375 0.884375 0.6488170703125 0.884375 0.6515625 0.81699731875
0 0.584375 0.803125 0.584375 0.8530894375000001 0.631939746875 0.8511513234375 0.63277805 0.803125 0.584375 0.803125