0 0.421875 0.7765625 0.375 0.7765625 0.375 0.84375 0.421875 0.84375 0.421875 0.7765625
0 0.696875 0.7609375 0.646875 0.7609375 0.646875 0.865625 0.696875 0.865625 0.696875 0.7609375
0 0.59765625 0.79453125 0.55390625 0.79453125 0.55390625 0.85703125 0.59765625 0.85703125 0.59765625 0.79453125
0 0.4984375 0.69375 0.4265625 0.69375 0.4265625 0.846875 0.4984375 0.846875 0.4984375 0.69375
0 0.6265625 0.76015625 0.578125 0.76015625 0.578125 0.82734375 0.6265625 0.82734375 0.6265625 0.76015625
0 0.465625 0.42890625 0.4078125 0.42890625 0.4078125 0.50703125 0.465625 0.50703125 0.465625 0.42890625
0 0.496875 0.36640625 0.4140625 0.36640625 0.4140625 0.50703125 0.496875 0.50703125 0.496875 0.36640625
0 0.64921875 0.31953125 0.57109375 0.31953125 0.57109375 0.50546875 0.64921875 0.50546875 0.64921875 0.31953125
0 0.734375 0.38515625 0.6578125 0.38515625 0.6578125 0.50234375 0.734375 0.50234375 0.734375 0.38515625
0 0.771875 0.0046875 0.653125 0.0046875 0.653125 0.1421875 0.771875 0.1421875 0.771875 0.0046875
0 0.6171875 0.02109375 0.5140625 0.02109375 0.5140625 0.15546875 0.6171875 0.15546875 0.6171875 0.02109375
0 0.528125 0.0546875 0.4421875 0.0546875 0.4421875 0.16875 0.528125 0.16875 0.528125 0.0546875
0 0.446875 0.01328125 0.3640625 0.01328125 0.3640625 0.17421875 0.446875 0.17421875 0.446875 0.01328125