0 0.3859375 0.178125 0.3859375 0.0360115421875 0.315625 0.034375 0.3223202640625 0.178125 0.3859375 0.178125
0 0.396875 0.096875 0.40005835 0.175 0.478125 0.175 0.478125 0.096875 0.396875 0.096875
0 0.5890625 0.1796875 0.7013946062499999 0.1796875 0.703125 0.0309777625 0.5890625 0.025 0.5890625 0.1796875
0 0.46875 0.06875 0.46875 0.1828125 0.5680864031249999 0.1828125 0.56875 0.06875 0.46875 0.06875
0 0.3241981046875 0.525 0.384375 0.522898578125 0.384375 0.4453125 0.32467264687499997 0.4453125 0.32187613593750003 0.44541015625 0.32326538125000004 0.525 0.3241981046875 0.525
0 0.4625 0.528125 0.4625 0.3999383578125 0.35625 0.39375 0.3617253609375 0.528125 0.4625 0.528125
0 0.553125 0.4 0.496875 0.4 0.49905688281250005 0.525 0.553125 0.5237415515625 0.553125 0.4
0 0.609375 0.4203125 0.609375 0.52965046875 0.66747730625 0.5279598640625001 0.6687298968750001 0.4203125 0.609375 0.4203125
0 0.5171875 0.346875 0.5171875 0.5248491921875 0.6057545921874999 0.5222721531250001 0.6108581281250001 0.346875 0.5171875 0.346875
0 0.315625 0.81875 0.315625 0.88125 0.3614090578125 0.88125 0.3625 0.81875 0.315625 0.81875
0 0.3734375 0.76494365625 0.3355794390625 0.7640625 0.3348641546875 0.7640625 0.3389576390625 0.84217083125 0.339673796875 0.8421875 0.3734375 0.8421875 0.3734375 0.76494365625
0 0.4234375 0.7166945703125001 0.4234375 0.8717786625 0.4981617796875 0.8678625296875 0.4999695875 0.7125 0.42348630781249996 0.7125 0.4234375 0.7166945703125001
0 0.5546875 0.88125 0.5546875 0.7835787875 0.5046875 0.78125 0.5099282781250001 0.88125 0.5546875 0.88125
0 0.646875 0.78125 0.60625 0.78125 0.6112451171875 0.8765625 0.646875 0.8753182765625 0.646875 0.78125
0 0.5890625 0.7984375 0.5890625 0.8390294718750001 0.6289783875 0.8371703609375001 0.629654471875 0.7984375 0.5890625 0.7984375