0 0.29921875 0.8546875 0.26015625 0.8546875 0.26015625 0.9140625 0.29921875 0.9140625 0.29921875 0.8546875
0 0.484375 0.8375 0.43125 0.8375 0.43125 0.89375 0.484375 0.89375 0.484375 0.8375
0 0.565625 0.79765625 0.5296875 0.79765625 0.5296875 0.88359375 0.565625 0.88359375 0.565625 0.79765625
0 0.31171875 0.7609375 0.27109375 0.7609375 0.27109375 0.84375 0.31171875 0.84375 0.31171875 0.7609375
0 0.3890625 0.80234375 0.321875 0.80234375 0.321875 0.90078125 0.3890625 0.90078125 0.3890625 0.80234375
0 0.4796875 0.7625 0.4328125 0.7625 0.4328125 0.8203125 0.4796875 0.8203125 0.4796875 0.7625
0 0.559375 0.753125 0.509375 0.753125 0.509375 0.8 0.559375 0.8 0.559375 0.753125
0 0.28828125 0.4859375 0.23984375 0.4859375 0.23984375 0.5671875 0.28828125 0.5671875 0.28828125 0.4859375
0 0.3640625 0.44375 0.2484375 0.44375 0.2484375 0.6 0.3640625 0.6 0.3640625 0.44375
0 0.453125 0.39375 0.403125 0.39375 0.403125 0.5453125 0.453125 0.5453125 0.453125 0.39375
0 0.57734375 0.43515625 0.51328125 0.43515625 0.51328125 0.57734375 0.57734375 0.57734375 0.57734375 0.43515625
0 0.5140625 0.39140625 0.43125 0.39140625 0.43125 0.58671875 0.5140625 0.58671875 0.5140625 0.39140625
0 0.625 0.0609375 0.515625 0.0609375 0.515625 0.209375 0.625 0.209375 0.625 0.0609375
0 0.45234375 0.07734375 0.35390625 0.07734375 0.35390625 0.22890625 0.45234375 0.22890625 0.45234375 0.07734375
0 0.35625 0.1125 0.271875 0.1125 0.271875 0.234375 0.35625 0.234375 0.35625 0.1125
0 0.26875 0.05234375 0.178125 0.05234375 0.178125 0.24765625 0.26875 0.24765625 0.26875 0.05234375