0 0.315625 0.178125 0.38264883125 0.178125 0.3859375 0.036830367187500004 0.315625 0.034375 0.315625 0.178125
0 0.396875 0.09848630781249999 0.396875 0.17496960781249998 0.475451378125 0.17359805156250002 0.4780760421875 0.0984375 0.399671221875 0.0984375 0.396875 0.09848630781249999
0 0.703125 0.025 0.5890625 0.025 0.5899624453125 0.1796875 0.703125 0.1757357765625 0.703125 0.025
0 0.56875 0.1828125 0.56875 0.073990778125 0.46875 0.06875 0.473397690625 0.1828125 0.56875 0.1828125
0 0.384375 0.44375 0.321875 0.44375 0.3228204296875 0.525 0.384375 0.5246418859374999 0.384375 0.44375
0 0.35625 0.528125 0.456471871875 0.528125 0.4625 0.3986986734375 0.35625 0.39375 0.35625 0.528125
0 0.496875 0.4 0.496875 0.5249661453125001 0.55167049375 0.5236907671875 0.553109765625 0.4 0.496875 0.4
0 0.609375 0.4203125 0.609375 0.52963195 0.6668408515625 0.5279598640625001 0.66871984375 0.4203125 0.609375 0.4203125
0 0.5171875 0.525 0.6058339640625 0.525 0.6109375 0.349602846875 0.5171875 0.346875 0.5171875 0.525
0 0.3625 0.88125 0.3625 0.8212066140625 0.315625 0.81875 0.3174435640625 0.88125 0.3625 0.88125
0 0.3348125 0.7640843234375 0.334375 0.8016829609375 0.334375 0.8421875 0.3346534546875 0.8421875 0.3734375 0.8410589984374999 0.3734375 0.7640625 0.335562521875 0.7640625 0.3348125 0.7640843234375
0 0.421875 0.7125 0.42744049687499996 0.871875 0.5 0.871875 0.5 0.7125 0.421875 0.7125
0 0.5546875 0.78125 0.5046875 0.78125 0.5081795765625 0.88125 0.5546875 0.8798967578125 0.5546875 0.78125
0 0.646875 0.8765625 0.646875 0.7817227140624999 0.60625 0.78125 0.6068045125 0.8765625 0.646875 0.8765625
0 0.5890625 0.8390625 0.629234046875 0.8390625 0.6296875 0.8000928421875001 0.5890625 0.7984375 0.5890625 0.8390625