0 0.196875 0.88125 0.239096021875 0.88125 0.2421875 0.814874728125 0.196875 0.8125 0.196875 0.88125
0 0.378125 0.8734375 0.42469136093750004 0.8734375 0.425 0.8203869109375 0.378125 0.81875 0.378125 0.8734375
0 0.33125 0.871875 0.33125 0.7695317968750001 0.2640625 0.76875 0.26586255312499996 0.871875 0.33125 0.871875
0 0.221875 0.7328125 0.221875 0.8077921874999999 0.2616272953125 0.8068669421875001 0.262488996875 0.7328125 0.221875 0.7328125
0 0.384375 0.7953125 0.4324920296875 0.7953125 0.434375 0.7413912875 0.384375 0.7390625 0.384375 0.7953125
0 0.5109375 0.7859375 0.4734375 0.7859375 0.47751287812500004 0.8734375 0.5109375 0.8724649421875 0.5109375 0.7859375
0 0.4609375 0.7921875 0.49772415 0.7921875 0.5 0.743324103125 0.4609375 0.7421875 0.4609375 0.7921875
0 0.1984375 0.5203125 0.25577171249999997 0.5203125 0.2578125 0.43263196875 0.1984375 0.43125 0.1984375 0.5203125
0 0.228125 0.39849780625000003 0.228125 0.555884925 0.315166896875 0.5518308843749999 0.32320590312499997 0.3984375 0.22941980156250003 0.3984375 0.228125 0.39849780625000003
0 0.3015625 0.5171875 0.3315099125 0.5171875 0.3328125 0.4724204703125 0.3015625 0.471875 0.3015625 0.5171875
0 0.471875 0.55625 0.5371169546875 0.55625 0.5421875 0.43180992187499995 0.471875 0.428125 0.471875 0.55625
0 0.428125 0.3765625 0.3734375 0.3765625 0.379914440625 0.515625 0.428125 0.5145028875000001 0.428125 0.3765625
0 0.3859375 0.3695354328125 0.3859375 0.55906538125 0.47863370468750005 0.555828359375 0.48734701874999997 0.36875 0.3859740828125 0.36875 0.3859375 0.3695354328125
0 0.615625 0.1953125 0.615625 0.05148544687499999 0.4828125 0.04375 0.48722251875 0.1953125 0.615625 0.1953125
0 0.4515625 0.2 0.4515625 0.0477234109375 0.3296875 0.040625 0.3343248390625 0.2 0.4515625 0.2
0 0.2673781140625 0.196875 0.3453125 0.1927906328125 0.3453125 0.0609375 0.259632521875 0.0609375 0.25937552343750003 0.06095096875 0.267292196875 0.196875 0.2673781140625 0.196875
0 0.2578125 0.2 0.2578125 0.01098035 0.15625 0.00625 0.1573772046875 0.2 0.2578125 0.2