0 0.2203125 0.8359375 0.1796875 0.8359375 0.1796875 0.8953125 0.2203125 0.8953125 0.2203125 0.8359375
0 0.40703125 0.82734375 0.36484375 0.82734375 0.36484375 0.88515625 0.40703125 0.88515625 0.40703125 0.82734375
0 0.24375 0.74375 0.196875 0.74375 0.196875 0.821875 0.24375 0.821875 0.24375 0.74375
0 0.3125 0.77734375 0.253125 0.77734375 0.253125 0.89140625 0.3125 0.89140625 0.3125 0.77734375
0 0.49453125 0.7796875 0.45390625 0.7796875 0.45390625 0.875 0.49453125 0.875 0.49453125 0.7796875
0 0.4203125 0.75234375 0.3671875 0.75234375 0.3671875 0.80703125 0.4203125 0.80703125 0.4203125 0.75234375
0 0.4859375 0.74375 0.446875 0.74375 0.446875 0.7984375 0.4859375 0.7984375 0.4859375 0.74375
0 0.2328125 0.45 0.1671875 0.45 0.1671875 0.5328125 0.2328125 0.5328125 0.2328125 0.45
0 0.303125 0.4109375 0.2 0.4109375 0.2 0.5671875 0.303125 0.5671875 0.303125 0.4109375
0 0.3171875 0.48125 0.2703125 0.48125 0.2703125 0.5234375 0.3171875 0.5234375 0.3171875 0.48125
0 0.5125 0.4359375 0.453125 0.4359375 0.453125 0.5625 0.5125 0.5625 0.5125 0.4359375
0 0.40078125 0.3859375 0.34921875 0.3859375 0.34921875 0.5203125 0.40078125 0.5203125 0.40078125 0.3859375
0 0.45859375 0.3796875 0.35703125 0.3796875 0.35703125 0.571875 0.45859375 0.571875 0.45859375 0.3796875
0 0.5796875 0.0625 0.4578125 0.0625 0.4578125 0.209375 0.5796875 0.209375 0.5796875 0.0625
0 0.41953125 0.05625 0.28828125 0.05625 0.28828125 0.2078125 0.41953125 0.2078125 0.41953125 0.05625
0 0.3171875 0.06875 0.2171875 0.06875 0.2171875 0.20625 0.3171875 0.20625 0.3171875 0.06875
0 0.21875 0.0125 0.121875 0.0125 0.121875 0.215625 0.21875 0.215625 0.21875 0.0125