0 0.2390625 0.2109375 0.2390625 0.00392639375 0.1375 0.0015625 0.1387181078125 0.2109375 0.2390625 0.2109375
0 0.3375 0.2078125 0.3375 0.0672271953125 0.246875 0.0640625 0.2527323640625 0.2078125 0.3375 0.2078125
0 0.59375 0.0609375 0.484375 0.0609375 0.4912158125 0.2078125 0.59375 0.205425990625 0.59375 0.0609375
0 0.309375 0.0421875 0.309375 0.20767785 0.3922858921875 0.206230634375 0.3999263234375 0.0421875 0.309375 0.0421875
0 0.2515625 0.440625 0.1953125 0.440625 0.1967307234375 0.521875 0.2515625 0.5196407749999999 0.2515625 0.440625
0 0.21875 0.5640625 0.3222720625 0.5640625 0.325 0.407779059375 0.21875 0.4046875 0.21875 0.5640625
0 0.2921875 0.475 0.2921875 0.5109070734375 0.330204325 0.5098008968750001 0.33121692812500003 0.475 0.2921875 0.475
0 0.471875 0.434375 0.471875 0.5562293687500001 0.5367909515625 0.5543405078125 0.5374888906249999 0.434375 0.471875 0.434375
0 0.3640625 0.378125 0.3640625 0.528125 0.41557633281250006 0.528125 0.4234375 0.378125 0.3640625 0.378125
0 0.3765625 0.3765625 0.3765625 0.5577020203124999 0.4717956109375 0.5560397203125 0.47806309375 0.3765625 0.3765625 0.3765625
0 0.190625 0.826217821875 0.192601328125 0.8828125 0.2359375 0.8828125 0.2359375 0.8256905625 0.235913428125 0.8250012343750001 0.190625 0.8255282140625001 0.190625 0.826217821875
0 0.25268235 0.8162928578124999 0.253125 0.7402077484375 0.253125 0.7375 0.211027625 0.7375 0.2109375 0.7529911703125001 0.2109375 0.8187242187500001 0.25268235 0.8162928578124999
0 0.4171875 0.8125 0.3765625 0.8125 0.3781626734375 0.88125 0.4171875 0.8798872234375 0.4171875 0.8125
0 0.321875 0.8828125 0.321875 0.7796918078124999 0.2546875 0.7765625 0.257779059375 0.8828125 0.321875 0.8828125
0 0.503125 0.79375 0.4671875 0.79375 0.4681511109375 0.8765625 0.503125 0.8757484734375 0.503125 0.79375
0 0.421875 0.7453125 0.378125 0.7453125 0.3801984203125 0.8046875 0.421875 0.8037174671875 0.421875 0.7453125
0 0.4953125 0.796875 0.4953125 0.7485303421875 0.4546875 0.746875 0.45526930312499997 0.796875 0.4953125 0.796875