0 0.3171875 0.8984375 0.3171875 0.8362465718750001 0.2640625 0.8359375 0.26733798593749997 0.8984375 0.3171875 0.8984375
0 0.578125 0.903125 0.6271787515625 0.903125 0.63125 0.786539678125 0.578125 0.784375 0.578125 0.903125
0 0.471875 0.840625 0.471875 0.9061832828125 0.5410420109375 0.9021547625 0.5421160171875 0.840625 0.471875 0.840625
0 0.3390625 0.8953125 0.42292006249999997 0.8953125 0.425 0.7165630265625 0.3390625 0.7140625 0.3390625 0.8953125
0 0.34375 0.8921875 0.34375 0.8015916750000001 0.3046875 0.8 0.30951884218750003 0.8921875 0.34375 0.8921875
0 0.2984375 0.5171875 0.35930953125 0.5171875 0.3609375 0.4705685640625 0.2984375 0.46875 0.2984375 0.5171875
0 0.31875 0.51875 0.4335828765625 0.51875 0.434375 0.38259541874999997 0.31875 0.38125 0.31875 0.51875
0 0.536278140625 0.5171875 0.5375 0.4121811796875 0.5375 0.4112737828125 0.4797191734375 0.41093762343750007 0.4796875 0.41365963125 0.4796875 0.5171875 0.536278140625 0.5171875
0 0.58125 0.5125 0.6400189187499999 0.5125 0.640625 0.4083234203125 0.58125 0.40625 0.58125 0.5125
0 0.503125 0.5125 0.5808106765625001 0.5125 0.5859375 0.33630248281249997 0.503125 0.334375 0.503125 0.5125
0 0.5796875 0.044931390625 0.5796875 0.1734375 0.6011277374999999 0.1734375 0.6815090625 0.17016221250000002 0.6888717359375 0.04375 0.5900199515625 0.04375 0.5797318921875 0.044169206249999995 0.5796875 0.044931390625
0 0.525 0.0453125 0.434375 0.0453125 0.4351749515625 0.1828125 0.525 0.17862883125 0.525 0.0453125
0 0.4578125 0.0859375 0.3609375 0.0859375 0.36315592343750003 0.18125 0.4578125 0.17794451875 0.4578125 0.0859375
0 0.284375 0.01875 0.284375 0.1874771515625 0.360536415625 0.1865909328125 0.362489421875 0.01875 0.284375 0.01875