0 0.29375 0.2 0.364142409375 0.2 0.371875 0.033978184375 0.29375 0.03125 0.29375 0.2
0 0.45400433125 0.2015625 0.4609375 0.06926974999999999 0.4609375 0.0457840671875 0.39110859375 0.0441587796875 0.390625 0.0533862984375 0.390625 0.2015625 0.45400433125 0.2015625
0 0.5515625 0.0109375 0.484375 0.0109375 0.487811465625 0.2078125 0.5515625 0.206328678125 0.5515625 0.0109375
0 0.675 0.0578125 0.58125 0.0578125 0.5847412890625 0.2078125 0.675 0.204660596875 0.675 0.0578125
0 0.303125 0.459375 0.303125 0.5499723890625 0.364043134375 0.5489090578125 0.3656059578125 0.459375 0.303125 0.459375
0 0.428125 0.5484375 0.428125 0.421105678125 0.3703125 0.41875 0.3755968609375 0.5484375 0.428125 0.5484375
0 0.4890625 0.3636783890625 0.49671819062499994 0.5515625 0.5546875 0.5515625 0.5546875 0.36711765 0.554656196875 0.366349415625 0.4890625 0.3629117953125 0.4890625 0.3636783890625
0 0.615625 0.4358090953125 0.615625 0.434375 0.548587740625 0.434375 0.5484375 0.4386773296875 0.5484375 0.55 0.6116373671875001 0.55 0.615625 0.4358090953125
0 0.3453125 0.9125 0.3453125 0.842714759375 0.3 0.8421875 0.30122730937500003 0.9125 0.3453125 0.9125
0 0.3625 0.7796875 0.3234375 0.7796875 0.32504663906250003 0.871875 0.3625 0.869912153125 0.3625 0.7796875
0 0.6299993546875 0.9046875 0.6328125 0.8356479796875 0.6328125 0.8057384484375 0.591088809375 0.803551803125 0.590625 0.8149344968750001 0.590625 0.9046875 0.6299993546875 0.9046875
0 0.44375 0.70625 0.375 0.70625 0.38431515 0.90625 0.44375 0.9052125609375 0.44375 0.70625
0 0.571875 0.81875 0.571875 0.86872460625 0.6172951484375 0.8679317937500001 0.6187261921875 0.81875 0.571875 0.81875
0 0.4875 0.85119359375 0.4875 0.9078125 0.5261648828125 0.9078125 0.535144321875 0.907551225 0.5374893546874999 0.85 0.503192478125 0.85 0.487530065625 0.8504557296874999 0.4875 0.85119359375
0 0.53125 0.8046875 0.478125 0.8046875 0.4784977046875 0.86875 0.53125 0.868136171875 0.53125 0.8046875