0 0.309375 0.8953125 0.309375 0.8262729953125 0.265625 0.825 0.266034065625 0.8953125 0.309375 0.8953125
0 0.6265625 0.7796875 0.5796875 0.7796875 0.58420785625 0.890625 0.6265625 0.8884052875 0.6265625 0.7796875
0 0.3453125 0.7015625 0.3453125 0.8857876421875 0.4107489828125 0.8842645906250001 0.41712908125 0.7015625 0.3453125 0.7015625
0 0.475 0.8171875 0.475 0.89055038125 0.53493550625 0.8888064359375001 0.53743649375 0.8171875 0.475 0.8171875
0 0.3406178578125 0.8834658109375001 0.34375 0.793772965625 0.34375 0.79375 0.304785103125 0.79375 0.3046875 0.79654499375 0.3046875 0.8843020984375001 0.3406178578125 0.8834658109375001
0 0.303125 0.4625 0.303125 0.5140555171875001 0.35282501875 0.5128987375 0.3531182296875 0.4625 0.303125 0.4625
0 0.421875 0.5125 0.421875 0.37939769375 0.3125 0.378125 0.318758615625 0.5125 0.421875 0.5125
0 0.478125 0.515625 0.5293351609375 0.515625 0.53125 0.4059239984375 0.478125 0.4046875 0.478125 0.515625
0 0.6453125 0.4015625 0.58125 0.4015625 0.5853246875 0.5015625 0.6453125 0.498418671875 0.6453125 0.4015625
0 0.575 0.328125 0.48597942187500004 0.328125 0.49427565781249994 0.5062485375 0.575 0.5020179546875 0.575 0.328125
0 0.265625 0.01875 0.267552221875 0.184375 0.353125 0.184375 0.353125 0.01875 0.265625 0.01875
0 0.446875 0.171875 0.446875 0.074734690625 0.35312695 0.07036830468750001 0.358446690625 0.171875 0.446875 0.171875
0 0.696875 0.16875 0.696875 0.028861318749999997 0.5703125 0.028125 0.57768234375 0.16875 0.696875 0.16875
0 0.51833265 0.165625 0.525 0.038404365625 0.525 0.0381556203125 0.42972656249999996 0.035938106250000004 0.4296875 0.0366834625 0.4296875 0.165625 0.51833265 0.165625