0 0.4015625 0.1375 0.3265625 0.1375 0.3265625 0.2125 0.4015625 0.2125 0.4015625 0.1375
0 0.4875 0.07109375 0.415625 0.07109375 0.415625 0.21484375 0.4875 0.21484375 0.4875 0.07109375
0 0.54921875 0.15 0.48515625 0.15 0.48515625 0.2171875 0.54921875 0.2171875 0.54921875 0.15
0 0.7265625 0.165625 0.596875 0.165625 0.596875 0.21875 0.7265625 0.21875 0.7265625 0.165625
0 0.40390625 0.4359375 0.33359375 0.4359375 0.33359375 0.559375 0.40390625 0.559375 0.40390625 0.4359375
0 0.465625 0.50078125 0.4078125 0.50078125 0.4078125 0.56015625 0.465625 0.56015625 0.465625 0.50078125
0 0.5875 0.3671875 0.5125 0.3671875 0.5125 0.5671875 0.5875 0.5671875 0.5875 0.3671875
0 0.540625 0.4109375 0.496875 0.4109375 0.496875 0.5609375 0.540625 0.5609375 0.540625 0.4109375
0 0.66953125 0.44375 0.60390625 0.44375 0.60390625 0.5640625 0.66953125 0.5640625 0.66953125 0.44375
0 0.3484375 0.84375 0.309375 0.84375 0.309375 0.9171875 0.3484375 0.9171875 0.3484375 0.84375
0 0.371875 0.79375 0.334375 0.79375 0.334375 0.8765625 0.371875 0.8765625 0.371875 0.79375
0 0.4421875 0.72578125 0.3640625 0.72578125 0.3640625 0.91796875 0.4421875 0.91796875 0.4421875 0.72578125
0 0.54375 0.84609375 0.503125 0.84609375 0.503125 0.92265625 0.54375 0.92265625 0.54375 0.84609375
0 0.5546875 0.81875 0.5 0.81875 0.5 0.8875 0.5546875 0.8875 0.5546875 0.81875
0 0.6453125 0.8171875 0.6125 0.8171875 0.6125 0.91875 0.6453125 0.91875 0.6453125 0.8171875
0 0.63671875 0.82890625 0.58515625 0.82890625 0.58515625 0.88359375 0.63671875 0.88359375 0.63671875 0.82890625