0 0.1421875 0 0.1421875 0.19375 0.23125 0.18960184687499998 0.23125 0 0.1421875 0
0 0.3421875 0.0515625 0.25 0.0515625 0.25409177031249996 0.1921875 0.3421875 0.19013705 0.3421875 0.0515625
0 0.3234375 0.0375 0.3234375 0.1889393109375 0.4275198203125 0.18651676875 0.4327236015625 0.0375 0.3234375 0.0375
0 0.603125 0.1921875 0.603125 0.046552596875000005 0.478125 0.0421875 0.478997675 0.1921875 0.603125 0.1921875
0 0.2578125 0.428125 0.1984375 0.428125 0.200019365625 0.51875 0.2578125 0.5167318203125 0.2578125 0.428125
0 0.2296875 0.403125 0.2296875 0.5560424828125 0.3131805890625 0.55361308125 0.32018968281250004 0.403125 0.2296875 0.403125
0 0.3015625 0.46875 0.3015625 0.5093694984375 0.3365544421875 0.509165921875 0.337495134375 0.46875 0.3015625 0.46875
0 0.540625 0.5484375 0.540625 0.4323615140625 0.475 0.4296875 0.478455271875 0.5484375 0.540625 0.5484375
0 0.371875 0.38125 0.371875 0.5093663265624999 0.421129590625 0.508793196875 0.42187161562500003 0.38125 0.371875 0.38125
0 0.3953125 0.375 0.3953125 0.5593250656250001 0.47539612499999995 0.5583932078125 0.47966464843749995 0.375 0.3953125 0.375
0 0.2421875 0.88125 0.2421875 0.8172619109375001 0.1953125 0.815625 0.1972219921875 0.88125 0.2421875 0.88125
0 0.2640625 0.8046875 0.2640625 0.7281994109375 0.2171875 0.7265625 0.2190058796875 0.8046875 0.2640625 0.8046875
0 0.265625 0.8765625 0.32817965781249997 0.8765625 0.33125 0.771041675 0.265625 0.76875 0.265625 0.8765625
0 0.384375 0.7359375 0.384375 0.7968027515625 0.4326019 0.79483765625 0.43431571875 0.7359375 0.384375 0.7359375
0 0.4234375 0.871875 0.4234375 0.817714759375 0.378125 0.8171875 0.381310184375 0.871875 0.4234375 0.871875
0 0.50625 0.775 0.47036346093750003 0.775 0.47089978125 0.8671859171875 0.50625 0.8655394546874999 0.50625 0.775