0 0.5046875 0.74375 0.46875 0.74375 0.46875 0.7921875 0.5046875 0.7921875 0.5046875 0.74375
0 0.26875 0.73984375 0.221875 0.73984375 0.221875 0.81171875 0.26875 0.81171875 0.26875 0.73984375
0 0.5125 0.78359375 0.475 0.78359375 0.475 0.86640625 0.5125 0.86640625 0.5125 0.78359375
0 0.440625 0.74609375 0.3921875 0.74609375 0.3921875 0.80234375 0.440625 0.80234375 0.440625 0.74609375
0 0.4328125 0.8171875 0.384375 0.8171875 0.384375 0.8734375 0.4328125 0.8734375 0.4328125 0.8171875
0 0.246875 0.82734375 0.2 0.82734375 0.2 0.88671875 0.246875 0.88671875 0.246875 0.82734375
0 0.334375 0.77734375 0.271875 0.77734375 0.271875 0.88203125 0.334375 0.88203125 0.334375 0.77734375
0 0.2609375 0.44453125 0.2015625 0.44453125 0.2015625 0.53046875 0.2609375 0.53046875 0.2609375 0.44453125
0 0.33046875 0.40625 0.22734375 0.40625 0.22734375 0.5734375 0.33046875 0.5734375 0.33046875 0.40625
0 0.3375 0.48359375 0.2984375 0.48359375 0.2984375 0.52578125 0.3375 0.52578125 0.3375 0.48359375
0 0.4328125 0.37734375 0.3765625 0.37734375 0.3765625 0.52109375 0.4328125 0.52109375 0.4328125 0.37734375
0 0.5421875 0.4359375 0.48125 0.4359375 0.48125 0.559375 0.5421875 0.559375 0.5421875 0.4359375
0 0.48515625 0.36875 0.38359375 0.36875 0.38359375 0.5734375 0.48515625 0.5734375 0.48515625 0.36875
0 0.60078125 0.04609375 0.48203125 0.04609375 0.48203125 0.18515625 0.60078125 0.18515625 0.60078125 0.04609375
0 0.43828125 0.02734375 0.30546875 0.02734375 0.30546875 0.19609375 0.43828125 0.19609375 0.43828125 0.02734375
0 0.340625 0.05625 0.2484375 0.05625 0.2484375 0.1890625 0.340625 0.1890625 0.340625 0.05625
0 0.2375 0.00234375 0.1515625 0.00234375 0.1515625 0.19296875 0.2375 0.19296875 0.2375 0.00234375