0 0.253125 0.8109375 0.2078125 0.8109375 0.2081852046875 0.875 0.253125 0.8726448046874999 0.253125 0.8109375
0 0.48125 0.86875 0.5182758296875 0.86875 0.51875 0.787247028125 0.48125 0.7859375 0.48125 0.86875
0 0.4328125 0.8171875 0.3875 0.8171875 0.38997433593749997 0.8703125 0.4328125 0.8698140328124999 0.4328125 0.8171875
0 0.334375 0.8734375 0.334375 0.7709325484375 0.271875 0.76875 0.2761406890625 0.8734375 0.334375 0.8734375
0 0.2703125 0.80625 0.2703125 0.725730340625 0.2265625 0.7234375 0.23090251875 0.80625 0.2703125 0.80625
0 0.44375 0.7953125 0.44375 0.742805665625 0.390625 0.7421875 0.392480165625 0.7953125 0.44375 0.7953125
0 0.5109375 0.7921875 0.5109375 0.745469009375 0.46875 0.74375 0.4690318015625 0.7921875 0.5109375 0.7921875
0 0.20625 0.4296875 0.20625 0.5155900859375 0.2656874546875 0.5142066640625 0.26716274218749997 0.4296875 0.20625 0.4296875
0 0.3296875 0.5625 0.3296875 0.39882700312499997 0.2328125 0.39375 0.2387053796875 0.5625 0.3296875 0.5625
0 0.30625 0.46875 0.30625 0.5108345234375 0.343101546875 0.509118134375 0.3452171515625 0.46875 0.30625 0.46875
0 0.5453125 0.425 0.484375 0.425 0.48857640468749997 0.5453125 0.5453125 0.5446523156249999 0.5453125 0.425
0 0.43125 0.509375 0.43125 0.36903165000000004 0.3828906234375 0.368750303125 0.386982384375 0.509375 0.43125 0.509375
0 0.4284214046875 0.36875 0.401571590625 0.36953125 0.40369880625 0.55234375 0.4875 0.5499053843749999 0.4875 0.36875 0.4284214046875 0.36875
0 0.6140625 0.196875 0.6140625 0.0550341484375 0.5046875 0.053125 0.5088701984374999 0.196875 0.6140625 0.196875
0 0.328125 0.04375 0.328125 0.1903562015625 0.4276835125 0.1851385609375 0.43262090937500003 0.04375 0.328125 0.04375
0 0.34375 0.06875 0.26875 0.06875 0.27371602500000003 0.190625 0.34375 0.186545984375 0.34375 0.06875
0 0.1609375 0 0.1709277328125 0.190625 0.25 0.1878637359375 0.25 0 0.1609375 0