0 0.31723194375 0.144167878125 0.3171875 0.1449309484375 0.3171875 0.2109375 0.3976608734375 0.2109375 0.4015625 0.14394915625 0.4015625 0.14375 0.3531442953125 0.14375 0.31723194375 0.144167878125
0 0.484375 0.0734375 0.403125 0.0734375 0.40974748906249997 0.215625 0.484375 0.21519082968749997 0.484375 0.0734375
0 0.4875 0.2203125 0.5581169906250001 0.2203125 0.559375 0.14824118125000002 0.4875 0.1453125 0.4875 0.2203125
0 0.59375 0.2171875 0.7166294953125 0.2171875 0.71875 0.1716594078125 0.59375 0.16875 0.59375 0.2171875
0 0.38125 0.47294642031249995 0.38125 0.46875 0.3297607421875 0.46875 0.3296875 0.48133926093749996 0.3296875 0.5609375 0.3807380828125 0.5609375 0.38125 0.47294642031249995
0 0.353125 0.4328125 0.353125 0.5578125 0.4625 0.557176175 0.4625 0.4328125 0.353125 0.4328125
0 0.590625 0.36875 0.5046875 0.36875 0.51032505 0.5625 0.590625 0.5587599703125 0.590625 0.36875
0 0.490625 0.4171875 0.490625 0.5591581765625 0.539612765625 0.5565908375 0.5436689890624999 0.4171875 0.490625 0.4171875
0 0.603125 0.446875 0.603125 0.5622530875 0.66581535 0.5596986515625 0.6717281875000001 0.446875 0.603125 0.446875
0 0.3078125 0.91875 0.347648525 0.91875 0.3484375 0.8509455578124999 0.3078125 0.85 0.3078125 0.91875
0 0.33125 0.88125 0.3699185296875 0.88125 0.375 0.7940045296875 0.33125 0.79375 0.33125 0.88125
0 0.6078125 0.8187338375 0.6078125 0.91861301875 0.64411470625 0.917768075 0.6499728578124999 0.8171875 0.6079025640625 0.8171875 0.6078125 0.8187338375
0 0.584375 0.884375 0.6212010703125 0.884375 0.6234375 0.8294890921875 0.584375 0.828125 0.584375 0.884375
0 0.5 0.81875 0.5 0.9218330968749999 0.5526487953125 0.921220471875 0.5562271437499999 0.81875 0.5 0.81875