0 0.3734375 0.8140625 0.3109375 0.8140625 0.3134474296875 0.8859375 0.3734375 0.8834930921874999 0.3734375 0.8140625
0 0.415625 0.88125 0.49433099374999995 0.88125 0.503125 0.713450378125 0.415625 0.709375 0.415625 0.88125
0 0.3796875 0.7609375 0.328125 0.7609375 0.3290886109375 0.84375 0.3796875 0.84139331875 0.3796875 0.7609375
0 0.496875 0.8796875 0.5549985562499999 0.8796875 0.559375 0.785723484375 0.496875 0.7828125 0.496875 0.8796875
0 0.609375 0.7730525375 0.61185695625 0.8796875 0.640625 0.8796875 0.640625 0.7735980078125 0.6406070796875001 0.772828078125 0.609375 0.7722829203125 0.609375 0.7730525375
0 0.6328125 0.7859375 0.5828125 0.7859375 0.585997684375 0.840625 0.6328125 0.8400802593750001 0.6328125 0.7859375
0 0.3296875 0.446875 0.3296875 0.5249206171874999 0.386334315625 0.5232723640625 0.3890021703125 0.446875 0.3296875 0.446875
0 0.353125 0.525 0.45792171875000004 0.525 0.465625 0.392739771875 0.353125 0.3875 0.353125 0.525
0 0.559375 0.528125 0.559375 0.3986935640625 0.496875 0.396875 0.499929878125 0.528125 0.559375 0.528125
0 0.6046875 0.420348 0.6046875 0.5249586671875 0.6641414046875 0.5239208953125 0.6671561015624999 0.4203125 0.60672131875 0.4203125 0.6046875 0.420348
0 0.53125 0.35 0.53125 0.5233963859374999 0.5991829640625 0.5230011625000001 0.6062322203125 0.35 0.53125 0.35
0 0.5984375 0.032443689062499996 0.5992759578125 0.1765625 0.7 0.1765625 0.7 0.031852815625 0.6999964921874999 0.03125 0.67689216875 0.03125 0.5984375 0.0317064359375 0.5984375 0.032443689062499996
0 0.478125 0.178125 0.56774720625 0.178125 0.571875 0.059920421875 0.478125 0.059375 0.478125 0.178125
0 0.484375 0.18125 0.484375 0.094295421875 0.390625 0.09375 0.3941903515625 0.18125 0.484375 0.18125
0 0.3125 0.1796875 0.3828933625 0.1796875 0.390625 0.0321590671875 0.3125 0.03125 0.3125 0.1796875