0 0.35625 0.025 0.284375 0.025 0.284375 0.1859375 0.35625 0.1859375 0.35625 0.025
0 0.453125 0.08828125 0.378125 0.08828125 0.378125 0.18359375 0.453125 0.18359375 0.453125 0.08828125
0 0.525 0.0546875 0.440625 0.0546875 0.440625 0.1828125 0.525 0.1828125 0.525 0.0546875
0 0.69609375 0.04140625 0.57890625 0.04140625 0.57890625 0.17421875 0.69609375 0.17421875 0.69609375 0.04140625
0 0.36015625 0.4671875 0.30546875 0.4671875 0.30546875 0.51875 0.36015625 0.51875 0.36015625 0.4671875
0 0.43203125 0.3875 0.31796875 0.3875 0.31796875 0.51875 0.43203125 0.51875 0.43203125 0.3875
0 0.5328125 0.41875 0.4796875 0.41875 0.4796875 0.51875 0.5328125 0.51875 0.5328125 0.41875
0 0.64375 0.40859375 0.5875 0.40859375 0.5875 0.51953125 0.64375 0.51953125 0.64375 0.40859375
0 0.58828125 0.34375 0.51953125 0.34375 0.51953125 0.5234375 0.58828125 0.5234375 0.58828125 0.34375
0 0.325 0.84453125 0.2625 0.84453125 0.2625 0.90859375 0.325 0.90859375 0.325 0.84453125
0 0.3453125 0.80625 0.3015625 0.80625 0.3015625 0.8921875 0.3453125 0.8921875 0.3453125 0.80625
0 0.628125 0.79765625 0.5796875 0.79765625 0.5796875 0.90546875 0.628125 0.90546875 0.628125 0.79765625
0 0.54375 0.83359375 0.471875 0.83359375 0.471875 0.90390625 0.54375 0.90390625 0.54375 0.83359375
0 0.415625 0.7125 0.3390625 0.7125 0.3390625 0.8984375 0.415625 0.8984375 0.415625 0.7125