0 0.45 0.009375 0.375 0.009375 0.3778909953125 0.175 0.45 0.1729018421875 0.45 0.009375
0 0.5375 0.1609375 0.5375 0.051854746875 0.4578125 0.05 0.4616865234375 0.1609375 0.5375 0.1609375
0 0.51875 0.159375 0.6043919640625 0.159375 0.609375 0.0166795171875 0.51875 0.015625 0.51875 0.159375
0 0.7796875 0.140625 0.7796875 0.004146840625 0.6609375 0 0.6658482328125 0.140625 0.7796875 0.140625
0 0.4640625 0.43125 0.415625 0.43125 0.4177163484375 0.503125 0.4640625 0.5006961015625 0.4640625 0.43125
0 0.5171875 0.3671875 0.41875 0.3671875 0.422750840625 0.5046875 0.5171875 0.504138084375 0.5171875 0.3671875
0 0.5453125 0.503125 0.5453125 0.46416015625 0.5129479453125 0.46416015625 0.5138548609375 0.503125 0.5453125 0.503125
0 0.665625 0.3125 0.56875 0.3125 0.5789040078125 0.50625 0.665625 0.5052409109375 0.665625 0.3125
0 0.740625 0.384375 0.6610905390624999 0.384375 0.6671500015625 0.4999964421875 0.740625 0.4974306390625 0.740625 0.384375
0 0.3796875 0.7734375 0.3796875 0.8390625 0.42816006093750003 0.8390625 0.4296875 0.7734375 0.3796875 0.7734375
0 0.5015625 0.6859375 0.428125 0.6859375 0.43079780625 0.8390625 0.5015625 0.837415434375 0.5015625 0.6859375
0 0.603125 0.7921875 0.5515625 0.7921875 0.55294446875 0.8515625 0.603125 0.849225303125 0.603125 0.7921875
0 0.6546875 0.75625 0.6546875 0.8607459093750001 0.7007635609375 0.8591368984375001 0.7061556343750001 0.75625 0.6546875 0.75625
0 0.640625 0.7578125 0.578125 0.7578125 0.578452253125 0.8140625 0.640625 0.8126154140624999 0.640625 0.7578125