0 0.29375 0.03125 0.30357856875 0.2 0.371875 0.2 0.371875 0.03125 0.29375 0.03125
0 0.4609375 0.0461634921875 0.39182411875 0.04375 0.3910976796875 0.04375 0.3929518796875 0.203099621875 0.39367861406250004 0.203125 0.4609375 0.203125 0.4609375 0.0461634921875
0 0.5515625 0.2078125 0.5515625 0.01250130625 0.484375 0.0109375 0.487811465625 0.2078125 0.5515625 0.2078125
0 0.5828125 0.2078125 0.6698743031250001 0.2078125 0.675 0.0610317578125 0.5828125 0.0578125 0.5828125 0.2078125
0 0.3046875 0.4609375 0.3046875 0.5497583968749999 0.36043769999999997 0.5471617906249999 0.36545969375 0.4609375 0.3046875 0.4609375
0 0.428125 0.5484375 0.428125 0.4214426609375 0.3703125 0.41875 0.3763527921875 0.5484375 0.428125 0.5484375
0 0.5546875 0.3625 0.4890625 0.3625 0.4901715234375 0.553125 0.5546875 0.5501201203125 0.5546875 0.3625
0 0.6130161203125 0.55 0.615625 0.4379118796875 0.615625 0.43711192343749994 0.5484933046875 0.434376515625 0.5484375 0.43677411250000003 0.5484375 0.55 0.6130161203125 0.55
0 0.3 0.8421875 0.3028650140625 0.9125 0.3453125 0.9125 0.3453125 0.8421875 0.3 0.8421875
0 0.3234375 0.7796875 0.3277312015625 0.871875 0.3625 0.871875 0.3625 0.7796875 0.3234375 0.7796875
0 0.6328125 0.9046875 0.6328125 0.8040111609375 0.5910232015625 0.8035248984375001 0.595734925 0.9046875 0.6328125 0.9046875
0 0.375 0.70625 0.375 0.906141653125 0.43909494843749997 0.9046498265625 0.44371275624999995 0.70625 0.375 0.70625
0 0.571875 0.81875 0.571875 0.86875 0.618168196875 0.86875 0.61875 0.81875 0.571875 0.81875
0 0.4875 0.8511824125 0.48947756406250004 0.9078125 0.5375 0.9078125 0.5375 0.8508915203124999 0.53747345625 0.85013140625 0.4875 0.85042214375 0.4875 0.8511824125
0 0.5294991875 0.86875 0.53125 0.8085785328125 0.53125 0.8067863890625 0.47984375156250003 0.80469174375 0.4796875 0.8100617578125 0.4796875 0.86875 0.5294991875 0.86875